1.65202e-009 0 1
0.247844 0.0805294 0.965447
2.69658e-009 0.260599 0.965447
0.499999 0.16246 0.850651
0.27522 0.378808 0.883606
4.39446e-006 0.525732 0.85065
0.71042 0.23083 0.664846
0.505476 0.453622 0.733976
0.275216 0.620915 0.733976
3.64847e-006 0.746978 0.664849
0.850653 0.276392 0.447211
0.710422 0.491425 0.503788
0.5 0.688189 0.525734
0.247838 0.827509 0.503791
-6.60806e-009 0.894428 0.447211
0.153176 -0.210829 0.965447
0.309019 -0.425328 0.850649
0.445314 -0.144693 0.883606
0.439062 -0.60432 0.664848
0.587619 -0.340564 0.733976
0.675571 -0.0698772 0.733976
0.525731 -0.723606 0.447214
0.686904 -0.523793 0.503789
0.809015 -0.262868 0.525733
0.863596 0.0200067 0.503788
-0.153176 -0.210829 0.965447
-0.309018 -0.425328 0.850649
1.27342e-007 -0.468233 0.883605
-0.439062 -0.60432 0.664847
-0.142308 -0.664102 0.733973
0.142308 -0.664102 0.733973
-0.525726 -0.723607 0.447219
-0.285889 -0.815144 0.503793
0 -0.850647 0.525737
0.285889 -0.815144 0.503793
-0.247844 0.0805293 0.965447
-0.499999 0.162455 0.850652
-0.445314 -0.144693 0.883606
-0.710423 0.230827 0.664845
-0.675571 -0.0698774 0.733976
-0.587619 -0.340563 0.733976
-0.850653 0.276392 0.44721
-0.863596 0.0200068 0.503787
-0.809015 -0.262868 0.525733
-0.686904 -0.523791 0.503791
-0.275215 0.378801 0.88361
-0.275212 0.620917 0.733976
-0.50548 0.453619 0.733976
-0.247837 0.827511 0.503788
-0.500002 0.688191 0.525729
-0.710424 0.491425 0.503785
-1.19626e-009 0 -1
0.153176 0.210829 -0.965447
0.247844 -0.0805293 -0.965447
0.309021 0.425324 -0.85065
0.445314 0.144692 -0.883606
0.499999 -0.16246 -0.850651
0.439066 0.604318 -0.664846
0.587619 0.340564 -0.733975
0.675571 0.0698772 -0.733976
0.71042 -0.23083 -0.664846
0.525727 0.723607 -0.447219
0.686904 0.523791 -0.503792
0.809015 0.262868 -0.525733
0.863596 -0.0200066 -0.503788
0.850653 -0.276393 -0.447211
5.39316e-009 -0.260599 -0.965447
0.27522 -0.378808 -0.883606
2.56087e-009 -0.525734 -0.850649
0.505477 -0.453622 -0.733976
0.275216 -0.620915 -0.733976
0 -0.746976 -0.664851
0.710422 -0.491425 -0.503787
0.5 -0.688189 -0.525734
0.247838 -0.827509 -0.503791
-3.30403e-009 -0.894428 -0.447211
-0.247844 -0.0805294 -0.965447
-0.27522 -0.378808 -0.883606
-0.499999 -0.16246 -0.850651
-0.275216 -0.620915 -0.733976
-0.505476 -0.453622 -0.733976
-0.71042 -0.23083 -0.664846
-0.247838 -0.827509 -0.503791
-0.5 -0.688189 -0.525734
-0.710422 -0.491425 -0.503788
-0.850653 -0.276392 -0.447211
-0.153176 0.210829 -0.965447
-0.445314 0.144693 -0.883606
-0.309021 0.425323 -0.85065
-0.675571 0.0698775 -0.733976
-0.587619 0.340564 -0.733976
-0.439066 0.604318 -0.664846
-0.863596 -0.0200067 -0.503787
-0.809015 0.262868 -0.525733
-0.686904 0.523793 -0.503789
-0.525731 0.723606 -0.447214
-1.24894e-007 0.468225 -0.883609
-0.142313 0.664102 -0.733973
0.142313 0.664102 -0.733973
-0.28589 0.815145 -0.50379
-2.56084e-009 0.85065 -0.525732
0.28589 0.815145 -0.50379
0.15317 0.957808 0.243192
0.445311 0.855031 0.265746
0.309014 0.951057 1.17032e-006
0.675575 0.687734 0.265744
0.587623 0.80879 0.0236365
0.439063 0.864915 -0.243198
0.863595 0.441655 0.243195
0.809017 0.587785 8.0923e-007
0.686906 0.684848 -0.243193
0.958261 0.150304 0.243197
0.950791 -0.159298 0.265747
1 0 1.40847e-008
0.862837 -0.42999 0.265746
0.95079 -0.308932 0.0236347
0.958261 -0.150304 -0.243197
0.686906 -0.684848 0.243193
0.809016 -0.587787 2.10503e-006
0.863595 -0.441655 -0.243195
0.439068 -0.864913 0.243198
0.142309 -0.95348 0.265752
0.309015 -0.951057 -1.01154e-006
-0.142309 -0.95348 0.265752
0 -0.999721 0.0236296
0.153169 -0.957808 -0.243193
-0.439063 -0.864915 0.243198
-0.309014 -0.951057 -1.16904e-006
-0.153169 -0.957808 -0.243192
-0.686906 -0.684848 0.243193
-0.862838 -0.429988 0.265746
-0.809017 -0.587786 -3.99493e-007
-0.950791 -0.159298 0.265747
-0.95079 -0.308932 0.0236352
-0.863596 -0.441655 -0.243195
-0.958261 0.150304 0.243197
-1 2.56086e-009 0
-0.958261 -0.150304 -0.243197
-0.863596 0.441655 0.243195
-0.675575 0.687734 0.265744
-0.809016 0.587787 -2.53141e-006
-0.445311 0.855031 0.265746
-0.587625 0.808788 0.0236321
-0.686906 0.684848 -0.243193
-0.153169 0.957808 0.243192
-0.309014 0.951057 1.16904e-006
-0.439068 0.864913 -0.243198
0.950791 0.159298 -0.265747
0.862838 0.429988 -0.265746
0.95079 0.308932 -0.0236347
0.445311 -0.85503 -0.265746
0.675576 -0.687734 -0.265744
0.587625 -0.808788 -0.0236321
-0.675575 -0.687735 -0.265744
-0.445311 -0.85503 -0.265746
-0.587623 -0.808789 -0.0236365
-0.862837 0.42999 -0.265746
-0.950791 0.159298 -0.265747
-0.95079 0.308932 -0.0236352
0.142309 0.95348 -0.265752
-0.142309 0.95348 -0.265752
0 0.999721 -0.0236296
0.71042 0.23083 0.664846
0.710422 0.491425 0.503788
0.275216 0.620915 0.733976
0.5 0.688189 0.525734
3.64847e-006 0.746978 0.664849
0.505476 0.453622 0.733976
0.71042 0.23083 0.664846
3.64847e-006 0.746978 0.664849
0.275216 0.620915 0.733976
0.439062 -0.60432 0.664848
0.587619 -0.340564 0.733976
0.686904 -0.523793 0.503789
0.675571 -0.0698772 0.733976
0.71042 0.23083 0.664846
0.686904 -0.523793 0.503789
0.675571 -0.0698772 0.733976
0.587619 -0.340564 0.733976
0.71042 0.23083 0.664846
0.675571 -0.0698772 0.733976
-0.439062 -0.60432 0.664847
-0.142308 -0.664102 0.733973
0.142308 -0.664102 0.733973
0.439062 -0.60432 0.664848
-0.142308 -0.664102 0.733973
-0.439062 -0.60432 0.664847
0.142308 -0.664102 0.733973
-0.142308 -0.664102 0.733973
0.439062 -0.60432 0.664848
0.142308 -0.664102 0.733973
-0.710423 0.230827 0.664845
-0.675571 -0.0698774 0.733976
-0.587619 -0.340563 0.733976
-0.439062 -0.60432 0.664847
-0.686904 -0.523791 0.503791
-0.675571 -0.0698774 0.733976
-0.710423 0.230827 0.664845
-0.587619 -0.340563 0.733976
-0.675571 -0.0698774 0.733976
-0.686904 -0.523791 0.503791
3.64847e-006 0.746978 0.664849
-0.275212 0.620917 0.733976
-0.500002 0.688191 0.525729
-0.710423 0.230827 0.664845
-0.710424 0.491425 0.503785
-0.275212 0.620917 0.733976
3.64847e-006 0.746978 0.664849
-0.500002 0.688191 0.525729
-0.710423 0.230827 0.664845
-0.50548 0.453619 0.733976
-0.710424 0.491425 0.503785
0.439066 0.604318 -0.664846
0.686904 0.523791 -0.503792
0.587619 0.340564 -0.733975
0.675571 0.0698772 -0.733976
0.71042 -0.23083 -0.664846
0.686904 0.523791 -0.503792
0.587619 0.340564 -0.733975
0.675571 0.0698772 -0.733976
0.71042 -0.23083 -0.664846
0.675571 0.0698772 -0.733976
0.71042 -0.23083 -0.664846
0.710422 -0.491425 -0.503787
0.5 -0.688189 -0.525734
0.275216 -0.620915 -0.733976
0 -0.746976 -0.664851
0.71042 -0.23083 -0.664846
0.505477 -0.453622 -0.733976
0 -0.746976 -0.664851
0.275216 -0.620915 -0.733976
0 -0.746976 -0.664851
-0.275216 -0.620915 -0.733976
-0.5 -0.688189 -0.525734
-0.710422 -0.491425 -0.503788
-0.71042 -0.23083 -0.664846
0 -0.746976 -0.664851
-0.275216 -0.620915 -0.733976
-0.5 -0.688189 -0.525734
-0.710422 -0.491425 -0.503788
-0.71042 -0.23083 -0.664846
-0.505476 -0.453622 -0.733976
-0.71042 -0.23083 -0.664846
-0.675571 0.0698775 -0.733976
-0.587619 0.340564 -0.733976
-0.686904 0.523793 -0.503789
-0.439066 0.604318 -0.664846
-0.71042 -0.23083 -0.664846
-0.675571 0.0698775 -0.733976
-0.587619 0.340564 -0.733976
-0.675571 0.0698775 -0.733976
-0.686904 0.523793 -0.503789
-0.439066 0.604318 -0.664846
-0.142313 0.664102 -0.733973
0.142313 0.664102 -0.733973
0.439066 0.604318 -0.664846
-0.439066 0.604318 -0.664846
-0.142313 0.664102 -0.733973
0.142313 0.664102 -0.733973
-0.142313 0.664102 -0.733973
0.439066 0.604318 -0.664846
0.142313 0.664102 -0.733973
0.5 0.688189 0.525734
0.5 0.688189 0.525734
0.710422 0.491425 0.503788
0.5 0.688189 0.525734
0.675575 0.687734 0.265744
0.587623 0.80879 0.0236365
0.686906 0.684848 -0.243193
0.675575 0.687734 0.265744
0.587623 0.80879 0.0236365
0.675575 0.687734 0.265744
0.686906 0.684848 -0.243193
0.686904 -0.523793 0.503789
0.686904 -0.523793 0.503789
0.525731 -0.723606 0.447214
0.686904 -0.523793 0.503789
-0.525726 -0.723607 0.447219
-0.710424 0.491425 0.503785
-0.710424 0.491425 0.503785
-0.675575 0.687734 0.265744
-0.710424 0.491425 0.503785
-0.675575 0.687734 0.265744
-0.809016 0.587787 -2.53141e-006
-0.809016 0.587787 -2.53141e-006
0.686904 0.523791 -0.503792
0.525727 0.723607 -0.447219
0.686904 0.523791 -0.503792
0.686904 0.523791 -0.503792
0.5 -0.688189 -0.525734
0.710422 -0.491425 -0.503787
0.5 -0.688189 -0.525734
0.5 -0.688189 -0.525734
0.675576 -0.687734 -0.265744
0.809016 -0.587787 2.10503e-006
0.686906 -0.684848 0.243193
0.686906 -0.684848 0.243193
0.675576 -0.687734 -0.265744
0.809016 -0.587787 2.10503e-006
0.686906 -0.684848 0.243193
-0.710422 -0.491425 -0.503788
-0.710422 -0.491425 -0.503788
-0.675575 -0.687735 -0.265744
-0.675575 -0.687735 -0.265744
-0.710422 -0.491425 -0.503788
-0.686906 -0.684848 0.243193
-0.809017 -0.587786 -3.99493e-007
-0.809017 -0.587786 -3.99493e-007
-0.686906 -0.684848 0.243193
-0.686906 -0.684848 0.243193
-0.686906 0.684848 -0.243193
-0.525731 0.723606 -0.447214
-0.686906 0.684848 -0.243193
-0.686906 0.684848 -0.243193
