-0.803857 -0.429753 -0.41125
-0.499281 -0.859703 -0.107837
-0.853487 0.163827 -0.494693
-0.86713 0.063917 -0.493964
0.592526 -0.775126 -0.219301
0.942892 -0.037241 -0.331011
0.981732 -0.166107 0.0927891
0.231169 -0.967307 0.104296
-0.459464 -0.540571 -0.704753
-0.441867 0.040814 -0.896152
0.160052 -0.00433238 -0.987099
0.0731756 -0.742275 -0.666088
-0.791206 0.507633 -0.341031
-0.33794 0.940625 -0.0319493
0.378513 0.913787 0.147382
0.691788 0.698608 -0.182693
0.143055 0.728377 -0.670077
-0.208457 0.653645 -0.727525
-0.500316 0.767156 -0.401443
0.356474 0.834715 -0.419735
-0.957623 0.269305 0.102146
0.836354 0.541369 0.0862053
-0.487462 -0.870171 -0.0719988
0.587156 -0.806478 -0.0695749
-0.901966 -0.37571 0.212839
0.943103 -0.262277 0.204372
-0.164342 0.668075 -0.725719
0.0766227 0.696455 -0.713498
0.261039 -0.719076 -0.644041
-0.186999 -0.73366 -0.65328
-0.622647 0.675755 -0.394545
-0.988692 0.146768 0.0307659
0.627715 0.777575 0.0367646
0.0533241 0.935459 -0.349389
-0.29148 -0.953187 -0.0804601
0.837463 -0.536656 -0.10323
0.983647 0.0450441 0.174384
-0.779985 -0.5978 0.18509
-0.298495 0.725811 -0.619757
-0.209311 0.749358 -0.628213
0.517869 -0.541119 -0.662572
-0.0203162 -0.78869 -0.614456
-0.876198 0.30562 -0.372658
-0.95373 -0.260859 -0.149502
0.361178 0.932497 -0.000148649
-0.158658 0.930681 -0.329638
0.0877967 -0.991517 -0.0958384
0.96216 -0.164748 -0.217038
0.888261 0.360103 0.285164
-0.352775 -0.925224 0.139681
-0.739508 8.30974e-005 -0.673148
0.202498 0.678067 -0.706555
0.595424 0.361838 -0.717316
-0.312168 -0.696524 -0.646069
-0.6112 0.656452 -0.442159
-0.568034 0.702539 -0.428691
0.592751 -0.751605 -0.289372
0.551311 -0.770277 0.320513
-0.410139 0.441875 -0.79783
0.166598 -0.228136 -0.95927
-0.903991 -0.0920653 -0.417522
-0.736268 -0.675911 -0.0324557
-0.782603 0.410076 -0.468369
-0.803363 0.331835 -0.494462
0.368798 -0.911807 -0.180544
0.896429 -0.352958 -0.268023
0.88911 -0.43173 0.15196
-0.0625402 -0.988144 0.140215
-0.670498 -0.253542 -0.697244
-0.509644 0.221878 -0.831284
0.189648 -0.0712432 -0.979264
-0.137337 -0.735414 -0.663555
-0.619763 0.708898 -0.336687
-0.0980199 0.993324 -0.0608298
0.621333 0.772607 0.130477
0.895824 0.423634 -0.134294
0.32458 0.658654 -0.67884
-0.111972 0.678836 -0.725702
-0.748873 -0.657994 -0.0789563
-0.0273945 -0.984594 -0.172699
-0.075299 -0.980787 0.179964
-0.676719 -0.690704 0.254911
-0.614246 0.789041 -0.0107689
-0.525468 0.764665 0.373055
0.0424409 0.930906 0.362785
0.0103739 0.999917 0.00765652
0.146704 -0.152793 -0.977309
0.0586997 0.0785476 -0.995181
-0.0457862 0.113185 -0.992518
-0.0299352 -0.225053 -0.973887
0.508324 -0.822699 -0.254504
0.931939 -0.0758397 -0.354595
0.966385 -0.0815279 0.243832
0.455661 -0.867982 0.197434
-0.977833 0.0537412 0.202372
-0.993858 0.10028 -0.046802
-0.118652 -0.157454 -0.980372
-0.124938 0.088919 -0.988172
0.62744 0.774449 -0.0809205
-0.18521 0.262852 -0.946893
-0.032907 0.290544 -0.956296
0.169457 0.246698 -0.954162
0.502666 0.808998 0.304713
-0.661177 -0.742845 -0.10501
0.0177968 -0.989424 -0.143956
-0.0216553 -0.974529 0.223216
-0.527826 -0.815516 0.237348
-0.640625 0.767722 -0.014213
-0.548708 0.736591 0.395415
0.0195207 0.891873 0.451864
-0.0155817 0.999877 -0.00165491
0.268101 -0.0585685 -0.961609
0.277207 0.141813 -0.950287
-0.0387563 0.139937 -0.989402
-0.0192192 -0.057421 -0.998165
0.590943 -0.776849 -0.217467
0.937065 0.0523042 -0.345216
0.931082 -0.0131198 0.364573
0.538215 -0.812185 0.225122
-0.985847 -0.0100961 0.167346
-0.994103 0.050003 -0.0962218
-0.219643 -0.0904891 -0.971375
-0.332115 0.1609 -0.929414
0.594492 0.803637 -0.0273259
-0.0955409 0.368451 -0.924725
-0.0265837 0.318554 -0.947532
0.0797963 0.340016 -0.937028
0.571534 0.701757 0.425307
-0.641399 -0.734062 -0.223069
-0.867569 0.126959 -0.480839
0.393264 -0.919329 -0.01334
0.984326 -0.0712274 -0.161337
0.510647 0.85973 0.0102419
-0.528134 0.836266 -0.147424
0.732466 0.665363 -0.144172
-0.872849 0.47092 -0.127937
-0.797143 -0.596953 0.0906099
0.885883 -0.454305 0.093903
0.52722 0.844162 -0.0971054
-0.934861 0.312966 -0.167593
-0.649415 -0.756686 0.0754107
0.992507 -0.105231 0.0621008
-0.974652 -0.0391369 -0.220279
-0.551856 0.716237 -0.427152
-0.263986 -0.962406 0.0639293
0.588994 -0.805466 -0.0656499
0.980571 0.182744 0.0713065
0.155357 0.974421 -0.162382
-0.848508 -0.487531 -0.205786
-0.79651 0.376132 -0.473388
0.132483 -0.99086 0.0253901
0.916456 -0.387025 -0.101584
0.753231 0.656498 0.0406633
-0.275235 0.950301 -0.145512
-0.709248 -0.696038 0.111793
-0.0571845 -0.997158 0.0490573
-0.58668 0.790338 0.176555
0.0396355 0.978786 0.201013
0.497823 -0.867271 -0.00355447
0.997858 -0.0349541 -0.0552952
-0.993257 0.0713872 0.0913492
0.604573 0.785227 0.133825
-0.617799 -0.780448 0.0960453
-0.0101625 -0.997803 0.0654671
-0.639975 0.746596 0.181733
0.00075369 0.974753 0.223286
0.584138 -0.811636 0.00553057
0.999436 0.029144 -0.0166602
-0.999078 0.0160062 0.0398435
0.614105 0.765913 0.190402
-0.274589 0.811617 -0.515634
-0.174105 0.960993 -0.214895
0.309788 -0.935551 0.169635
0.333341 -0.921582 -0.198926
0.281835 -0.732545 -0.619634
-0.259026 0.744799 -0.614963
-0.230059 0.871139 -0.433808
0.329829 -0.943873 -0.0177897
-0.0546473 0.819607 -0.570314
-0.0937628 0.972522 -0.213095
0.0767248 -0.994602 0.0698602
0.0586475 -0.977464 -0.20279
0.0468257 -0.761613 -0.646338
-0.0406282 0.697851 -0.715089
-0.0875458 0.891232 -0.445017
0.0615356 -0.995564 -0.0711749
0.0847748 0.241391 -0.966718
-0.0277141 0.205621 -0.978239
0.917863 -0.30982 0.248073
0.962658 -0.269913 -0.0209073
-0.999376 0.0295572 -0.0193552
-0.99438 -0.0319837 0.100927
-0.0573413 0.219674 -0.973887
0.939385 -0.0894736 -0.330985
-0.967963 -0.102394 0.229267
0.117081 -0.117686 -0.986125
-0.988177 0.148536 -0.037989
-0.0419196 -0.0426211 -0.998211
0.983224 0.180831 0.0238849
0.965321 0.163757 0.203321
-0.980954 0.16563 0.101468
-0.947883 0.204728 0.24414
-0.139205 -0.078665 -0.987134
0.963969 0.0225554 -0.265057
0.263736 0.188375 -0.946022
-0.0322051 0.21749 -0.975531
0.955091 -0.0637657 0.289371
0.993425 -0.114155 0.00869244
-0.998275 0.0368195 -0.0457219
-0.996702 -0.046562 0.0664549
-0.247312 0.16704 -0.954429
0.967311 0.0744442 -0.24242
-0.980184 -0.0932243 0.17478
0.190435 0.0482546 -0.980513
-0.99819 0.0175938 -0.0575133
-0.0266156 0.00371506 -0.999639
0.98766 0.140014 0.0701668
0.950599 0.0553137 0.305455
-0.996052 0.0625481 0.062994
-0.982475 0.0709183 0.172375
-0.192281 0.091259 -0.977087
0.975537 -0.038509 -0.216438
0.86713 0.063917 -0.493964
0.803857 -0.429752 -0.411251
0.641399 -0.734062 -0.223069
0.867569 0.126959 -0.480839
-0.231169 -0.967307 0.104295
-0.393264 -0.919329 -0.01334
-0.984326 -0.0712274 -0.161337
-0.981732 -0.166107 0.092788
-0.0731756 -0.742275 -0.666088
0.459463 -0.540571 -0.704753
0.441865 0.0408142 -0.896153
-0.160053 -0.00433231 -0.987099
-0.378513 0.913787 0.147382
-0.510647 0.859729 0.0102419
0.528134 0.836266 -0.147423
0.33794 0.940625 -0.0319489
-0.592526 -0.775126 -0.219301
-0.143055 0.728377 -0.670077
0.208457 0.653645 -0.727526
0.791206 0.507633 -0.341031
-0.691788 0.698608 -0.182693
-0.942892 -0.0372416 -0.331012
-0.836354 0.541369 0.0862054
-0.732466 0.665363 -0.144172
0.0875458 0.891232 -0.445018
0.0937628 0.972522 -0.213095
-0.943103 -0.262277 0.204372
-0.0767248 -0.994602 0.0698602
-0.0615356 -0.995564 -0.0711749
-0.885883 -0.454305 0.0939031
-0.261039 -0.719076 -0.644041
-0.0468257 -0.761613 -0.646338
0.0406282 0.697851 -0.715089
-0.0766227 0.696455 -0.713498
0.487462 -0.870171 -0.0719988
0.797143 -0.596953 0.0906098
0.872849 0.47092 -0.127937
0.500316 0.767156 -0.401443
0.0546473 0.819607 -0.570314
-0.356474 0.834715 -0.419735
-0.587156 -0.806478 -0.069575
0.186999 -0.73366 -0.65328
-0.0586475 -0.977464 -0.20279
0.164342 0.668075 -0.725719
-0.627715 0.777575 0.0367645
-0.527219 0.844163 -0.0971055
0.230059 0.871139 -0.433808
0.174105 0.960993 -0.214894
-0.983647 0.0450438 0.174385
-0.309787 -0.935551 0.169635
-0.329829 -0.943873 -0.0177897
-0.992507 -0.105231 0.0621008
-0.517869 -0.541119 -0.662572
-0.281835 -0.732546 -0.619634
0.259026 0.744799 -0.614963
0.209311 0.749358 -0.628213
0.29148 -0.953187 -0.0804602
0.649415 -0.756686 0.0754108
0.934861 0.312966 -0.167593
0.622647 0.675755 -0.394545
0.274589 0.811617 -0.515634
-0.0533241 0.935459 -0.349389
-0.837463 -0.536656 -0.10323
0.0203162 -0.78869 -0.614456
-0.33334 -0.921581 -0.198926
0.298495 0.725812 -0.619757
0.568035 0.702539 -0.428691
0.876198 0.30562 -0.372658
0.974652 -0.0391365 -0.220279
0.551856 0.716237 -0.427152
0.352775 -0.925224 0.139681
0.263986 -0.962406 0.0639293
-0.588994 -0.805466 -0.0656499
-0.551311 -0.770277 0.320513
0.312168 -0.696524 -0.646069
0.739508 8.24212e-005 -0.673148
0.41014 0.441876 -0.797829
-0.166598 -0.228134 -0.959271
-0.888261 0.360103 0.285164
-0.980571 0.182744 0.0713066
-0.155357 0.974421 -0.162382
-0.361178 0.932497 -0.000148611
-0.0877967 -0.991517 -0.0958384
-0.59542 0.361843 -0.717317
-0.202498 0.678067 -0.706555
0.158658 0.930681 -0.329638
-0.96216 -0.164748 -0.217038
-0.592751 -0.751605 -0.289372
0.803363 0.331836 -0.494462
0.903991 -0.0920669 -0.417522
0.848508 -0.487531 -0.205785
0.79651 0.376132 -0.473388
0.0625401 -0.988144 0.140215
-0.132483 -0.99086 0.0253901
-0.916457 -0.387024 -0.101584
-0.88911 -0.431731 0.151962
0.137338 -0.735413 -0.663555
0.670498 -0.253544 -0.697243
0.509643 0.221879 -0.831285
-0.189648 -0.0712447 -0.979264
-0.621333 0.772607 0.130476
-0.753231 0.656498 0.0406632
0.275235 0.950301 -0.145512
0.0980199 0.993324 -0.0608298
-0.368798 -0.911807 -0.180545
-0.324582 0.658653 -0.678839
0.111972 0.678836 -0.725702
0.619763 0.708898 -0.336687
-0.895824 0.423633 -0.134294
-0.896429 -0.352958 -0.268022
0.676718 -0.690705 0.25491
0.709248 -0.696039 0.111793
0.0571846 -0.997158 0.0490573
0.075299 -0.980787 0.179964
-0.0103739 0.999917 0.00765651
0.614245 0.789042 -0.010769
0.58668 0.790338 0.176555
-0.0396355 0.978786 0.201013
0.0299352 -0.225053 -0.973887
-0.146704 -0.152793 -0.977309
-0.0847748 0.241391 -0.966718
0.0277141 0.205621 -0.978239
-0.966385 -0.0815279 0.243832
-0.917862 -0.30982 0.248074
-0.962658 -0.269913 -0.0209074
-0.997858 -0.0349532 -0.0552947
0.993858 0.100281 -0.046802
0.999376 0.0295566 -0.0193557
0.99438 -0.0319838 0.100927
0.993257 0.0713878 0.0913494
0.748872 -0.657994 -0.0789561
0.0273946 -0.984594 -0.172699
-0.508324 -0.822699 -0.254504
0.118652 -0.157454 -0.980372
0.0573413 0.219675 -0.973887
-0.939385 -0.0894722 -0.330985
-0.62744 0.774449 -0.0809207
0.18521 0.262852 -0.946893
0.032907 0.290543 -0.956296
-0.169457 0.246698 -0.954162
-0.117081 -0.117686 -0.986125
0.988177 0.148536 -0.0379887
0.0457862 0.113185 -0.992518
-0.0586996 0.0785474 -0.995181
0.0419197 -0.042621 -0.998211
-0.983224 0.18083 0.0238848
-0.965321 0.163757 0.203321
0.980954 0.16563 0.101468
0.947883 0.204726 0.24414
0.525468 0.764666 0.373055
0.124938 0.0889191 -0.988172
0.139205 -0.0786651 -0.987134
-0.963969 0.0225554 -0.265057
-0.931939 -0.0758396 -0.354596
-0.497824 -0.867271 -0.0035542
-0.455662 -0.867982 0.197434
-0.604573 0.785228 0.133826
-0.0424409 0.930906 0.362785
-0.502666 0.808998 0.304712
0.527825 -0.815516 0.237348
0.617799 -0.780449 0.0960454
0.0101625 -0.997803 0.0654671
0.0216554 -0.974528 0.223215
0.0155818 0.999877 -0.0016549
0.640625 0.767722 -0.0142128
0.639975 0.746596 0.181733
-0.000753692 0.974753 0.223286
0.0192192 -0.057421 -0.998165
-0.268101 -0.058568 -0.961609
-0.263736 0.188375 -0.946022
0.0322051 0.21749 -0.975531
-0.931083 -0.0131196 0.364572
-0.955091 -0.0637667 0.28937
-0.993425 -0.114154 0.00869247
-0.999436 0.029144 -0.0166602
0.994103 0.0500031 -0.0962219
0.998275 0.0368197 -0.0457222
0.996702 -0.0465618 0.0664548
0.999078 0.0160065 0.0398436
0.661176 -0.742845 -0.105011
-0.0177968 -0.989424 -0.143956
-0.590943 -0.776849 -0.217467
0.219643 -0.0904895 -0.971375
0.247312 0.167041 -0.954429
-0.967311 0.074444 -0.242419
-0.594491 0.803638 -0.0273258
0.0955409 0.368451 -0.924725
0.0265837 0.318554 -0.947532
-0.0797961 0.340017 -0.937028
-0.190435 0.0482545 -0.980513
0.99819 0.0175939 -0.0575133
0.0387563 0.139937 -0.989402
-0.277207 0.141813 -0.950287
0.0266156 0.00371506 -0.999639
-0.98766 0.140014 0.0701665
-0.950598 0.0553145 0.305455
0.996052 0.0625472 0.0629936
0.982475 0.0709183 0.172375
0.548708 0.736591 0.395415
0.332115 0.160899 -0.929414
0.192281 0.0912588 -0.977087
-0.975537 -0.038509 -0.216438
-0.937065 0.0523035 -0.345215
-0.584137 -0.811636 0.00553082
-0.538215 -0.812185 0.225122
-0.614105 0.765913 0.190402
-0.0195207 0.891873 0.451864
-0.571534 0.701757 0.425307
0.499281 -0.859703 -0.107836
0.853487 0.163827 -0.494692
0.901966 -0.37571 0.212838
0.957622 0.269305 0.102146
0.779985 -0.5978 0.18509
0.988692 0.146769 0.0307659
0.95373 -0.260859 -0.149503
0.6112 0.656452 -0.44216
0.736268 -0.675911 -0.0324558
0.782603 0.410076 -0.468369
0.967963 -0.102392 0.229267
0.977833 0.0537413 0.202373
0.980184 -0.0932236 0.17478
0.985847 -0.0100957 0.167345
-0.871988 -0.104653 -0.478211
0.797255 -0.601415 0.0518147
-0.317694 -0.451618 -0.833733
-0.0139366 0.993944 0.109001
-0.138418 -0.989274 -0.0466677
-0.791125 -0.185071 -0.582983
0.0262555 0.921836 -0.38669
0.838291 0.429578 -0.335755
-0.152492 -0.887482 -0.434882
-0.861522 0.26898 -0.430614
0.878506 0.409026 -0.246828
-0.205455 0.517483 -0.830662
-0.773075 0.270118 -0.573926
0.777776 -0.514305 -0.361323
0.19001 0.952443 -0.238218
0.366732 -0.926963 0.0790455
0.0471331 0.00996663 -0.998839
0.966648 0.190327 0.171368
-0.999194 -0.036319 0.0170848
-0.0404996 0.867 -0.49666
0.915898 0.111362 -0.385653
-0.0323886 -0.976043 -0.215154
-0.932462 -0.0484194 -0.358009
0.221301 0.962749 -0.155373
0.620724 -0.770495 0.145053
0.0332152 0.125817 -0.991497
0.8067 0.585315 0.0815017
-0.970329 -0.240978 -0.0197791
-0.345532 0.838425 -0.421486
0.794875 0.481876 -0.36874
0.189971 -0.961458 -0.198772
-0.908501 -0.21561 -0.357963
-0.695757 0.58032 -0.423263
0.207354 -0.961564 0.179997
-0.571793 -0.0641357 -0.817887
0.671423 0.722611 0.164392
-0.727764 -0.684995 0.0337818
-0.720902 0.485338 -0.49472
0.604393 0.661091 -0.444599
0.807665 -0.48573 -0.334282
-0.715939 -0.583518 -0.383326
-0.406064 0.824976 -0.3931
0.833975 -0.500161 -0.233075
0.129497 0.554571 -0.821999
-0.370169 0.799973 -0.472249
0.377955 -0.892547 -0.245988
-0.861379 0.180409 -0.474846
0.588281 -0.802824 0.0969491
-0.477804 -0.278876 -0.833026
0.237031 0.96845 0.0769439
-0.393364 -0.918687 -0.0357691
-0.81748 0.144939 -0.557421
0.256577 0.883959 -0.390876
0.950996 0.11541 -0.286857
-0.418151 -0.794167 -0.440963
-0.738789 0.517988 -0.431137
0.979057 0.0762527 -0.188764
-0.106309 0.555348 -0.824795
-0.687397 0.469142 -0.554429
0.610176 -0.73316 -0.300269
-0.308306 -0.935719 0.171399
-0.197907 0.976747 0.082453
0.112708 -0.0409023 -0.992786
0.977305 -0.119667 0.174797
-0.99956 0.0217882 0.0201137
-0.0721345 -0.761985 -0.643565
0.581627 -0.265689 -0.768843
0.0869054 0.878687 -0.469422
-0.802881 0.320695 -0.502531
0.0900711 -0.169532 -0.9814
0.988285 -0.00386545 0.152568
-0.901246 0.354091 0.249749
0.563971 -0.299335 -0.769633
-0.798807 0.265396 -0.539881
0.146334 -0.979839 0.136025
0.229823 0.924898 0.302895
-0.16189 0.354419 -0.920966
0.0216714 -0.785399 -0.618611
-0.106638 0.897813 -0.427271
-0.218604 0.131124 -0.966964
-0.20733 -0.95943 0.191072
-0.24372 0.967875 0.0618012
0.227072 0.0440157 -0.972883
0.968775 -0.039387 0.244793
-0.998802 0.0452785 -0.0185356
-0.0225747 -0.740194 -0.672014
0.645719 -0.215514 -0.732531
0.131403 0.948119 -0.289488
-0.807241 0.323739 -0.493513
0.239447 -0.0311613 -0.970409
0.964762 0.0386448 0.260271
-0.941766 0.270482 0.199789
0.635563 -0.156135 -0.756096
-0.780924 0.281527 -0.557585
0.179915 -0.969534 0.166238
0.235194 0.888377 0.394298
-0.315553 0.283301 -0.905631
0.0622749 -0.775887 -0.627791
-0.176376 0.934241 -0.309976
-0.191393 0.1609 -0.968235
-0.865788 -0.244485 -0.436621
0.834211 -0.485311 -0.261851
-0.00212403 0.999956 0.0091228
-0.164851 -0.985441 0.0416028
-0.775919 0.501171 -0.383114
0.90905 0.414486 0.042773
-0.224567 0.82204 -0.523278
0.237639 -0.960146 -0.147133
0.986313 0.163575 0.0207255
-0.981049 -0.0391203 0.189768
-0.372783 0.782514 -0.498702
0.549807 -0.824002 -0.136872
0.835791 0.548917 -0.0119891
-0.965172 -0.231903 0.121093
-0.809949 0.44824 -0.378237
0.302346 -0.936666 -0.176762
0.683385 0.729502 -0.0284871
-0.723853 -0.68931 0.0297903
-0.292747 0.882247 -0.3687
0.873285 -0.427178 0.234294
-0.915336 0.0125067 -0.402497
0.65772 -0.724306 -0.206846
0.271908 0.961511 0.0395222
-0.448341 -0.889019 0.0929254
-0.60075 0.71119 -0.365115
0.990248 0.105217 0.0913102
-0.28537 -0.958268 -0.0169194
-0.156157 0.934119 0.320994
0.975729 0.0486918 -0.213501
-0.98338 -0.0429242 0.176413
0.888015 0.458769 -0.0309781
-0.989231 0.145086 0.019314
0.171609 -0.981156 -0.0887901
0.274933 0.957706 0.0849185
-0.218471 -0.97574 -0.0142328
-0.208959 0.900022 0.382488
0.973081 0.130872 -0.189697
-0.989236 -0.0553679 0.13545
0.926172 0.377009 -0.00831805
-0.999467 0.0148645 -0.0290502
0.215765 -0.973285 -0.078497
0.228753 0.971385 0.0639053
-0.595857 0.760411 -0.258321
-0.0741809 -0.987666 0.137891
-0.0637343 0.0861311 -0.994243
-0.254568 0.864582 -0.433236
0.470623 -0.855275 -0.21684
-0.138655 0.874735 -0.464342
0.0897887 -0.98794 -0.126145
-0.399921 0.882675 -0.246877
-0.253656 -0.965204 0.0635559
-0.0473988 0.00352041 -0.99887
-0.0627986 0.868586 -0.491542
0.145816 -0.965738 -0.21468
0.0787531 0.84232 -0.533194
-0.120469 -0.982248 -0.143793
0.102855 0.344666 -0.933073
0.795143 -0.586123 0.155587
-0.985996 -0.164075 0.0298553
0.636733 0.251809 -0.72881
-0.863328 -0.0790591 -0.498411
-0.154487 -0.00787204 -0.987963
0.830716 -0.531621 -0.165198
-0.945494 -0.243989 0.215662
-0.790178 -0.0293236 -0.612176
0.151729 0.127046 -0.980223
0.85929 0.479035 0.179291
-0.971121 0.154608 0.181715
0.614927 0.322529 -0.719611
-0.192592 -0.129467 -0.972701
0.970393 -0.151723 -0.18793
-0.941729 0.334808 0.0323961
0.252489 0.294103 -0.921821
0.917841 -0.358798 0.169803
-0.970944 -0.239099 0.0100111
0.599809 0.378494 -0.704962
-0.761311 -0.164118 -0.627272
-0.247472 0.0463112 -0.967788
0.923286 -0.361231 -0.130594
-0.936053 -0.309439 0.167487
-0.783475 -0.0203342 -0.62109
0.152812 0.14302 -0.977852
0.905141 0.328493 0.269837
-0.989775 0.0481797 0.134251
0.717977 0.361742 -0.594687
-0.296311 0.00908962 -0.955048
0.979223 -0.0559345 -0.194922
-0.964998 0.261308 0.0222965
0.871987 -0.104653 -0.478211
-0.797255 -0.601414 0.0518142
0.317693 -0.451618 -0.833734
0.0139367 0.993944 0.109001
0.138418 -0.989274 -0.0466678
0.791127 -0.18507 -0.582982
-0.0262554 0.921836 -0.386691
-0.83829 0.429579 -0.335756
0.152493 -0.887482 -0.434882
0.861522 0.26898 -0.430615
-0.878506 0.409027 -0.246827
0.205456 0.517483 -0.830662
0.773075 0.270117 -0.573926
-0.777778 -0.514305 -0.361321
-0.19001 0.952443 -0.238218
-0.366732 -0.926963 0.0790455
-0.0471331 0.00996665 -0.998839
-0.966648 0.190327 0.171368
0.999194 -0.0363192 0.0170848
0.0404997 0.867 -0.49666
-0.915898 0.111363 -0.385654
0.0323895 -0.976043 -0.215153
0.932462 -0.0484201 -0.358009
-0.221301 0.962749 -0.155373
-0.620724 -0.770495 0.145053
-0.0332152 0.125817 -0.991497
-0.8067 0.585315 0.0815019
0.970329 -0.240978 -0.0197793
0.345532 0.838425 -0.421486
-0.794874 0.481877 -0.36874
-0.189971 -0.961458 -0.198772
0.908501 -0.215611 -0.357964
0.695757 0.58032 -0.423263
-0.207354 -0.961564 0.179997
0.571793 -0.0641344 -0.817887
-0.671423 0.722611 0.164393
0.727765 -0.684994 0.0337816
0.720902 0.485339 -0.494719
-0.604395 0.661089 -0.444599
-0.807665 -0.485729 -0.334282
0.71594 -0.583516 -0.383326
0.406064 0.824976 -0.3931
-0.833975 -0.500161 -0.233075
-0.129494 0.554572 -0.821998
0.370169 0.799973 -0.472249
-0.377955 -0.892547 -0.245988
0.861379 0.18041 -0.474846
-0.588281 -0.802824 0.0969492
0.477801 -0.278877 -0.833027
-0.237031 0.96845 0.0769437
0.393363 -0.918687 -0.0357689
0.817481 0.144939 -0.55742
-0.256579 0.883959 -0.390876
-0.950997 0.115409 -0.286856
0.418152 -0.794166 -0.440963
0.738789 0.517988 -0.431137
-0.979058 0.0762522 -0.188764
0.106305 0.555348 -0.824795
0.687397 0.469142 -0.554429
-0.610176 -0.73316 -0.300268
0.308306 -0.935719 0.171399
0.197907 0.976747 0.0824529
-0.112708 -0.0409022 -0.992786
-0.977305 -0.119666 0.174797
0.99956 0.0217886 0.0201139
0.0721346 -0.761985 -0.643565
-0.581627 -0.265689 -0.768843
-0.0869053 0.878687 -0.469422
0.802881 0.320694 -0.502531
-0.0900711 -0.169532 -0.9814
-0.988285 -0.003866 0.152568
0.901246 0.354092 0.249748
-0.563972 -0.299335 -0.769633
0.798806 0.265396 -0.539882
-0.146334 -0.979839 0.136025
-0.229823 0.924898 0.302895
0.16189 0.354419 -0.920966
-0.0216714 -0.785399 -0.618611
0.106638 0.897813 -0.427271
0.218604 0.131124 -0.966964
0.20733 -0.95943 0.191072
0.24372 0.967875 0.0618011
-0.227072 0.0440155 -0.972883
-0.968775 -0.0393874 0.244792
0.998802 0.0452787 -0.0185356
0.0225747 -0.740194 -0.672014
-0.645719 -0.215513 -0.73253
-0.131403 0.948119 -0.289488
0.807241 0.323738 -0.493514
-0.239447 -0.0311613 -0.970409
-0.964762 0.0386445 0.26027
0.941766 0.270482 0.199789
-0.635563 -0.156134 -0.756096
0.780924 0.281527 -0.557584
-0.179914 -0.969534 0.166238
-0.235194 0.888377 0.394298
0.315552 0.283301 -0.905631
-0.0622748 -0.775887 -0.627791
0.176376 0.934241 -0.309976
0.191393 0.1609 -0.968235
0.865788 -0.244485 -0.436621
-0.83421 -0.485312 -0.26185
0.00212402 0.999956 0.00912281
0.164851 -0.985441 0.0416029
0.77592 0.501171 -0.383113
-0.90905 0.414486 0.0427725
0.224566 0.82204 -0.523278
-0.237639 -0.960146 -0.147133
-0.986313 0.163575 0.0207255
0.981049 -0.0391201 0.189768
0.372784 0.782514 -0.498702
-0.549807 -0.824002 -0.136872
-0.835791 0.548917 -0.0119893
0.965172 -0.231903 0.121093
0.809949 0.44824 -0.378237
-0.302346 -0.936666 -0.176762
-0.683386 0.729502 -0.0284876
0.723854 -0.68931 0.0297902
0.292747 0.882247 -0.3687
-0.873285 -0.427177 0.234294
0.915336 0.0125065 -0.402497
-0.65772 -0.724306 -0.206846
-0.271908 0.961511 0.0395223
0.448342 -0.889019 0.0929252
0.60075 0.71119 -0.365115
-0.990248 0.105217 0.0913097
0.28537 -0.958268 -0.0169195
0.156157 0.934119 0.320994
-0.975729 0.048691 -0.213502
0.98338 -0.0429242 0.176413
-0.888015 0.458769 -0.0309785
0.98923 0.145086 0.0193142
-0.171609 -0.981156 -0.0887902
-0.274933 0.957706 0.0849186
0.218471 -0.97574 -0.0142326
0.208959 0.900022 0.382488
-0.973082 0.130872 -0.189697
0.989236 -0.055368 0.13545
-0.926173 0.377008 -0.00831763
0.999467 0.0148643 -0.0290502
-0.215764 -0.973285 -0.0784967
-0.228753 0.971385 0.0639052
0.595857 0.760411 -0.258321
0.0741808 -0.987666 0.137891
0.0637342 0.086131 -0.994243
0.254569 0.864582 -0.433235
-0.470623 -0.855275 -0.21684
0.138655 0.874735 -0.464342
-0.0897886 -0.98794 -0.126145
0.399921 0.882675 -0.246877
0.253656 -0.965204 0.0635559
0.0473988 0.00352038 -0.99887
0.0627986 0.868586 -0.491542
-0.145816 -0.965738 -0.21468
-0.0787526 0.84232 -0.533193
0.120469 -0.982248 -0.143794
-0.102855 0.344666 -0.933073
-0.795142 -0.586124 0.155587
0.985996 -0.164076 0.0298553
-0.636733 0.251808 -0.728809
0.863328 -0.0790595 -0.498412
0.154487 -0.00787219 -0.987963
-0.830716 -0.531621 -0.165198
0.945494 -0.243989 0.215662
0.790178 -0.0293237 -0.612176
-0.151729 0.127046 -0.980223
-0.85929 0.479035 0.179291
0.971121 0.154608 0.181715
-0.614927 0.322529 -0.719611
0.192592 -0.129467 -0.972701
-0.970393 -0.151722 -0.18793
0.941729 0.334808 0.0323968
-0.252488 0.294103 -0.921821
-0.917841 -0.358797 0.169804
0.970944 -0.239099 0.010011
-0.59981 0.378494 -0.704962
0.761311 -0.164119 -0.627272
0.247472 0.0463113 -0.967788
-0.923287 -0.361229 -0.130595
0.936053 -0.309439 0.167487
0.783476 -0.0203341 -0.621089
-0.152813 0.14302 -0.977852
-0.905141 0.328493 0.269838
0.989776 0.0481793 0.13425
-0.717976 0.361741 -0.594688
0.296311 0.00908967 -0.955048
-0.979223 -0.0559342 -0.194921
0.964998 0.261308 0.022296
-0.847849 -0.140667 -0.511238
-0.739367 -0.586218 -0.331186
-0.866787 -0.135437 -0.479934
-0.876053 0.092028 -0.473351
0.26814 -0.959487 0.0865217
0.839158 -0.527107 -0.134061
0.991299 -0.130583 0.0165856
0.728006 -0.678238 0.100002
-0.272565 -0.642802 -0.715901
-0.490816 -0.373335 -0.787224
-0.317448 0.0402211 -0.947422
0.131989 -0.57911 -0.804494
0.407123 0.906484 0.111974
-0.008493 0.994027 0.1088
-0.386309 0.921094 -0.0484852
-0.0192907 0.989783 0.14127
0.496515 -0.854562 -0.152306
-0.149524 -0.987252 0.05456
-0.110434 -0.992298 -0.0561115
-0.79612 0.0445381 -0.603498
-0.753165 -0.360656 -0.550155
-0.0923054 0.691326 -0.716623
-0.728971 0.428676 -0.533703
0.026133 0.999583 0.012294
0.71849 0.631161 -0.292247
0.851643 0.43113 -0.298045
0.916967 -0.0406406 -0.396889
0.14681 0.577987 -0.802731
0.58821 -0.733321 -0.340953
-0.823957 0.373931 -0.425759
-0.693202 0.678569 -0.24293
-0.855033 0.217524 -0.470746
0.8956 0.421711 -0.141636
0.959898 -0.0431042 -0.277015
0.605851 0.786385 -0.120594
-0.295409 0.489253 -0.820589
0.795796 -0.514648 -0.319135
0.831981 0.553292 0.0409236
0.181487 0.89298 -0.411886
-0.102905 0.962245 -0.251985
0.209144 0.960944 -0.181235
0.457085 -0.882335 0.112066
0.0689677 -0.997028 0.0343166
0.314317 -0.947782 -0.0539857
0.943199 -0.285902 0.169219
0.123427 -0.754143 -0.645007
-7.39077e-005 0.00596446 -0.999982
-0.0283712 0.70015 -0.713431
0.25241 0.0296177 -0.967167
0.976558 0.166272 0.136707
0.95295 0.214371 0.214315
-0.656261 -0.754299 -0.018827
-0.98925 -0.0408818 0.140401
-0.719253 0.628793 -0.295456
-0.998118 -0.056651 0.0234781
-0.0490221 0.855948 -0.514732
-0.0151619 0.825005 -0.564923
0.104908 0.873058 -0.476198
0.992419 0.117321 0.0366127
0.337702 -0.917166 -0.211573
-0.0351222 -0.75337 -0.656658
0.0594969 -0.971614 -0.228969
-0.0498769 -0.979285 -0.196248
-0.24838 -0.944908 -0.213205
-0.264295 -0.0111553 -0.964377
-0.221908 0.856721 -0.465602
0.616695 0.786898 0.0218843
0.0611609 0.940991 -0.332859
-0.190358 0.936997 -0.292918
0.327051 0.941523 -0.0810691
0.663672 -0.723438 0.190204
0.319057 -0.940388 0.117785
0.604939 -0.796179 -0.0121622
0.989822 0.0215372 0.140675
0.394632 -0.65145 -0.647981
-0.0132896 0.107115 -0.994158
-0.289609 0.727246 -0.622286
0.215901 0.213036 -0.952892
0.829574 0.554309 0.0674396
0.795313 0.598335 0.097326
-0.492826 -0.86978 -0.0245943
-0.967051 -0.241657 0.0800887
-0.808935 0.496966 -0.314086
-0.966675 -0.255743 -0.0116214
-0.299917 0.842454 -0.447574
-0.300537 0.814271 -0.496628
-0.246242 0.885741 -0.393481
0.863782 0.503861 0.00215898
0.647111 -0.727198 -0.228977
0.150466 -0.775231 -0.613496
0.336051 -0.916219 -0.218204
0.169911 -0.967115 -0.18926
-0.0207999 -0.98168 -0.189397
-0.27843 0.0155534 -0.960331
-0.360138 0.834729 -0.416566
-0.716904 0.533368 -0.448962
-0.935814 0.164964 -0.311509
-0.70477 0.575534 -0.414801
-0.555305 0.721726 -0.413215
-0.33761 -0.933351 0.121963
0.216085 -0.975913 -0.0300192
0.563256 -0.795975 0.221733
0.253704 -0.931867 0.25934
-0.648129 -0.255681 -0.717326
-0.662166 0.165759 -0.730794
-0.284759 0.308275 -0.907678
-0.186312 -0.595671 -0.781322
0.91703 0.324586 0.231732
0.683932 0.720549 0.114217
0.309545 0.950239 -0.0350404
0.656706 0.724906 0.207964
-0.102806 -0.994601 -0.0141337
-0.721877 -0.687675 0.0774365
-0.71274 -0.698915 0.0593244
-0.564951 0.668847 -0.483191
-0.813079 0.303449 -0.496811
0.362967 0.578308 -0.730626
-0.194748 0.863268 -0.465663
0.689316 0.720651 -0.0741983
0.902 -0.282932 -0.326105
0.817232 -0.485561 -0.310423
0.594484 -0.732815 -0.331014
0.520718 0.192032 -0.831851
0.26837 -0.949745 -0.161125
-0.359101 0.843126 -0.400232
-0.0162174 0.963277 -0.26802
-0.41023 0.812505 -0.414182
0.882661 -0.466863 -0.0543018
0.585017 -0.77473 -0.239891
0.992878 0.00648336 -0.118956
-0.0228377 0.650012 -0.759581
0.342144 -0.908176 -0.241149
-0.846358 0.169426 -0.504948
-0.896366 -0.283468 -0.340843
-0.87459 0.131879 -0.466584
-0.805469 0.351413 -0.477209
-0.0117507 -0.99389 0.109744
0.640644 -0.763264 -0.0836889
0.904241 -0.420284 0.0755626
0.53007 -0.836053 0.141563
-0.476545 -0.492366 -0.728341
-0.650271 -0.0892229 -0.754445
-0.36036 0.162616 -0.91853
-0.0290076 -0.604601 -0.796
0.654065 0.748601 0.108603
0.263387 0.957929 0.114016
-0.132667 0.989225 -0.0619151
0.213154 0.972941 0.0891665
0.264023 -0.957985 -0.112057
-0.39991 -0.911797 0.0932654
-0.381068 -0.922493 -0.0615924
-0.751277 0.301424 -0.587134
-0.855018 0.0248308 -0.518004
0.069841 0.689216 -0.721182
-0.630227 0.586754 -0.508462
0.293523 0.955307 0.0351087
0.88091 0.380713 -0.281166
0.964651 0.10123 -0.243314
0.881632 -0.352391 -0.31392
0.326589 0.501042 -0.801434
0.367289 -0.878704 -0.304923
-0.673531 0.612292 -0.41407
-0.471929 0.850186 -0.233382
-0.751643 0.459956 -0.472729
0.992095 0.092852 -0.0844167
0.905698 -0.363566 -0.218017
0.838857 0.540251 -0.0666921
-0.267836 0.544839 -0.794616
0.623225 -0.735831 -0.264845
-0.674656 -0.703673 0.2229
-0.29358 -0.952224 0.0841409
-0.0715031 -0.986895 0.144655
-0.330853 -0.920766 0.206705
-0.214475 0.976724 0.00320834
-0.601748 0.79654 0.0585097
-0.170116 0.965865 0.195358
0.0246638 0.994674 0.100077
0.127822 -0.197496 -0.971935
0.121494 0.0197709 -0.992395
0.104317 0.203992 -0.973399
-0.0311102 -0.0770598 -0.996541
0.954983 -0.142945 0.259949
0.931382 -0.317281 0.178493
0.995963 -0.0769892 -0.0461621
0.985247 -0.0529852 0.162732
-0.997383 0.0607506 -0.0391914
-0.999633 0.00106866 0.0270814
-0.99574 -0.00625471 0.0919881
-0.996077 0.0869472 0.0164318
-0.48351 -0.580575 -0.655096
-0.029018 -0.762998 -0.645749
-0.243031 -0.960387 -0.136352
0.309857 -0.648283 -0.695498
-0.0839202 0.0210654 -0.99625
0.609382 0.099067 -0.786663
0.8262 -0.470674 -0.309612
0.401446 0.718 -0.56861
-0.213189 0.283414 -0.935001
-0.0183177 0.87484 -0.484065
0.25526 0.966815 -0.0105461
-0.452996 0.764088 -0.459309
0.164544 0.0852364 -0.98268
-0.819386 0.0333981 -0.572269
-0.943593 0.329762 -0.0298272
0.0728279 0.0931356 -0.992986
0.0623038 -0.231391 -0.970864
0.132402 -0.0723993 -0.988548
-0.0498704 -0.117491 -0.991821
0.999372 0.0247911 -0.0253123
0.968472 0.197213 0.152215
0.973466 -0.0614932 0.220413
-0.933038 0.335939 0.128785
-0.962291 0.182083 0.202095
-0.862829 0.400092 0.308953
-0.544312 0.774158 0.323117
-0.128296 -0.167578 -0.977475
0.568258 -0.0922773 -0.81766
0.880014 -0.342281 -0.329269
0.663458 -0.0478506 -0.746682
0.0704923 0.371655 -0.925691
-0.84864 0.184688 -0.495682
-0.756226 0.131676 -0.640924
0.156543 -0.987378 0.0240465
0.465205 -0.873821 0.141496
0.139355 -0.974075 0.178208
0.262973 0.945166 0.193666
0.0451916 0.944991 0.323959
0.189188 0.916006 0.353752
0.54325 0.800465 0.253249
-0.140431 0.222816 -0.964693
-0.0319331 0.349852 -0.936261
-0.180956 0.11734 -0.976466
-0.0823841 0.323796 -0.942533
-0.16242 -0.190538 -0.96815
0.157039 -0.966999 -0.200627
0.154574 0.262465 -0.95248
-0.207707 -0.0472109 -0.977051
-0.0329519 0.172803 -0.984405
-0.16663 0.103372 -0.980586
-0.556617 -0.806716 0.198461
-0.221723 -0.970743 0.0921806
-0.0213775 -0.982767 0.183608
-0.187968 -0.95402 0.233483
-0.239447 0.97088 -0.00750974
-0.647816 0.760188 0.0494762
-0.23557 0.94723 0.2174
-0.00931431 0.997798 0.0656723
0.208167 -0.0530533 -0.976653
0.264071 0.0332169 -0.963931
0.239763 0.200125 -0.949981
-0.026022 0.0490326 -0.998458
0.9337 0.0382809 0.356004
0.969045 -0.125545 0.212578
0.998372 -0.0557246 -0.0121891
0.961434 0.00113048 0.275034
-0.988981 0.130618 -0.0696853
-0.99993 -0.00356316 0.0112447
-0.998423 -0.0271123 0.04916
-0.998009 0.0364442 -0.0514822
-0.363205 -0.611055 -0.703345
0.00508245 -0.717916 -0.696111
-0.188046 -0.974384 -0.123347
0.358739 -0.651278 -0.668688
-0.218945 0.0175028 -0.97558
0.627136 0.205325 -0.75136
0.916581 -0.326951 -0.230178
0.454064 0.810558 -0.369894
-0.131424 0.343132 -0.930048
-0.0301846 0.939106 -0.342299
0.205813 0.978591 -0.000214313
-0.500059 0.77877 -0.378759
0.119897 0.195138 -0.97342
-0.81403 0.034046 -0.579824
-0.963558 0.265881 -0.029399
0.275409 0.127422 -0.952845
0.248411 0.0245761 -0.968343
0.193666 0.0105943 -0.98101
-0.0301443 -0.0658083 -0.997377
0.993999 0.107128 0.0221171
0.959302 0.126135 0.252647
0.938025 -0.0555454 0.342088
-0.960637 0.258283 0.102307
-0.986991 0.0730344 0.143233
-0.918361 0.312207 0.243185
-0.589295 0.734034 0.337528
-0.278236 0.0911912 -0.956174
0.669867 -0.0376232 -0.741527
0.912656 -0.247743 -0.325088
0.653368 0.116621 -0.748004
0.273343 0.274855 -0.921813
-0.803843 0.165095 -0.571472
-0.758969 0.143129 -0.6352
0.196346 -0.97977 0.038709
0.550387 -0.819533 0.159497
0.163868 -0.962228 0.217406
0.236603 0.945354 0.224333
0.0120942 0.918244 0.395831
0.238985 0.856792 0.456939
0.588498 0.721833 0.36418
-0.269621 0.198457 -0.942295
-0.0386132 0.335247 -0.941339
-0.361425 0.149522 -0.920334
-0.308552 0.22405 -0.924444
-0.21663 -0.0749775 -0.97337
0.212392 -0.961638 -0.173617
0.0897243 0.320941 -0.94284
-0.231677 0.0392112 -0.972002
-0.0253153 0.127791 -0.991478
-0.122885 0.225087 -0.966558
-0.53299 -0.837374 -0.121353
-0.823864 -0.392575 -0.408818
-0.847385 0.159162 -0.506562
-0.178273 -0.98192 0.0636598
-0.683023 0.643547 -0.345437
0.898726 0.428947 0.0910887
-0.0661536 0.820651 -0.567587
-0.0886113 0.829802 -0.550977
-0.377271 0.832544 -0.405631
0.0574602 -0.983043 -0.174138
0.164156 -0.965065 -0.204213
0.76669 -0.641854 -0.0144759
0.570854 0.756797 -0.318409
-0.885804 -0.424642 0.187163
-0.966301 -0.0416235 0.254026
-0.950763 0.307348 0.0398499
-0.257689 0.807423 -0.53072
-0.262924 0.816364 -0.514218
-0.501762 0.756558 -0.419351
0.332865 -0.929761 -0.157305
0.485009 -0.850776 -0.20235
0.946334 -0.319828 -0.04649
0.315463 0.917893 -0.24074
-0.759595 -0.628231 0.168348
-0.962544 -0.215717 0.16424
-0.983263 0.181635 -0.0142357
-0.966642 -0.201697 -0.157863
-0.885634 0.304373 -0.350728
-0.569536 0.68312 -0.457138
-0.700858 -0.712224 0.0391743
-0.167686 0.92268 -0.347194
0.853409 -0.403354 0.33015
-0.766344 -0.640507 -0.049674
-0.917015 -0.18416 -0.353791
-0.778028 0.39959 -0.484768
-0.489822 -0.864411 0.113437
-0.486101 0.812304 -0.322286
0.97943 0.146993 0.138242
-0.731085 -0.681988 0.020164
-0.0372675 -0.997764 -0.0554833
-0.141513 0.917591 0.371484
0.967266 -0.183521 -0.175262
0.925765 0.178642 -0.333235
0.96191 -0.0469449 -0.269306
-0.978255 -0.0754581 0.193194
-0.975216 -0.0806561 0.206029
-0.984154 0.0577013 0.167667
0.990642 0.108443 -0.0828761
0.884794 0.433915 -0.169877
0.628162 0.777483 0.0305403
0.879173 0.471422 0.069396
-0.98725 0.157941 0.019782
-0.989359 0.136921 -0.0492094
-0.985571 0.140882 0.0938163
0.506616 -0.852083 -0.131507
-0.649315 -0.76051 0.00393022
0.00796429 -0.999006 -0.0438567
-0.179075 0.878299 0.44331
0.992132 -0.033319 -0.120682
0.901986 0.329905 -0.278539
0.959313 0.0504411 -0.277803
-0.985961 -0.08374 0.14446
-0.983007 -0.0716338 0.169015
-0.991382 -0.00238555 0.13098
0.995311 0.0634464 -0.073007
0.930807 0.352663 -0.0960557
0.605329 0.794692 0.0451856
0.915015 0.381936 0.129893
-0.999183 0.0403851 0.00163101
-0.995162 -0.0324953 -0.0927179
-0.997603 0.0509208 0.0468608
0.591179 -0.797409 -0.121019
-0.676148 0.710325 -0.195609
-0.230715 -0.959476 0.161791
0.0110566 -0.999899 -0.00888393
-0.22385 0.757028 -0.61384
-0.401013 0.892246 -0.207572
-0.388913 -0.918052 0.0769846
-0.189892 -0.979812 -0.0625317
-0.0527079 0.689006 -0.722836
0.788636 -0.572924 0.223186
0.814972 -0.579349 -0.0132615
-0.991444 -0.128324 -0.0238993
-0.971444 -0.208185 0.113818
-0.92426 -0.278094 0.261547
0.834868 0.505222 0.218509
-0.958826 0.187193 0.213566
0.934419 -0.270174 0.232093
0.919696 -0.392596 0.00515366
-0.975053 -0.213196 -0.0617945
-0.958566 -0.273473 0.0797711
-0.912261 -0.357136 0.200583
0.917229 0.2566 0.304708
-0.984814 0.0452209 0.167618
0.876053 0.092028 -0.473352
0.866787 -0.135439 -0.479934
0.739367 -0.586218 -0.331186
0.847849 -0.140667 -0.511238
-0.728007 -0.678237 0.100001
-0.991299 -0.130583 0.0165856
-0.839158 -0.527107 -0.134061
-0.26814 -0.959487 0.0865214
-0.131989 -0.57911 -0.804494
0.317448 0.0402211 -0.947422
0.490816 -0.373334 -0.787224
0.272565 -0.642802 -0.715901
0.0192907 0.989783 0.14127
0.386309 0.921094 -0.0484848
0.00849298 0.994027 0.1088
-0.407123 0.906484 0.111974
0.110435 -0.992298 -0.0561115
0.149524 -0.987252 0.05456
-0.496515 -0.854562 -0.152306
0.753168 -0.360653 -0.550152
0.79612 0.0445381 -0.603498
-0.71849 0.631161 -0.292247
-0.026133 0.999583 0.012294
0.728971 0.428676 -0.533703
0.0923055 0.691326 -0.716623
-0.14681 0.577987 -0.802731
-0.916968 -0.0406407 -0.396885
-0.851643 0.43113 -0.298045
-0.58821 -0.733321 -0.340953
0.855033 0.217523 -0.470746
0.693202 0.67857 -0.24293
0.823957 0.373931 -0.425759
-0.605852 0.786384 -0.120594
-0.959898 -0.0431042 -0.277015
-0.8956 0.421711 -0.141636
0.295409 0.489252 -0.820589
-0.795796 -0.514648 -0.319135
-0.209144 0.960944 -0.181235
0.102905 0.962244 -0.251986
-0.181485 0.89298 -0.411886
-0.831981 0.553292 0.0409235
-0.943199 -0.285902 0.169219
-0.314317 -0.947782 -0.0539856
-0.0689677 -0.997029 0.0343166
-0.457085 -0.882334 0.112066
-0.25241 0.029618 -0.967167
0.0283712 0.70015 -0.713431
7.39069e-005 0.00596445 -0.999982
-0.123427 -0.754143 -0.645007
-0.95295 0.214371 0.214315
-0.976558 0.166272 0.136707
0.998118 -0.056652 0.0234783
0.719253 0.628793 -0.295456
0.98925 -0.0408818 0.140401
0.656261 -0.754299 -0.0188284
-0.104908 0.873058 -0.476198
0.0151619 0.825005 -0.564923
0.0490221 0.855948 -0.514732
-0.337702 -0.917166 -0.211573
-0.992419 0.117322 0.0366124
0.248381 -0.944909 -0.2132
0.0498792 -0.979285 -0.196248
-0.0594969 -0.971614 -0.228969
0.0351222 -0.75337 -0.656658
0.221908 0.856721 -0.465602
0.264295 -0.0111555 -0.964377
-0.327051 0.941523 -0.0810694
0.190358 0.936997 -0.292918
-0.0611609 0.940991 -0.332859
-0.616695 0.786898 0.021884
-0.989821 0.0215368 0.140676
-0.604939 -0.796179 -0.0121624
-0.319057 -0.940388 0.117785
-0.663672 -0.723437 0.190204
-0.2159 0.213036 -0.952892
0.289609 0.727246 -0.622286
0.0132896 0.107115 -0.994158
-0.394632 -0.651449 -0.647981
-0.795313 0.598335 0.0973265
-0.829574 0.554309 0.0674395
0.966674 -0.255745 -0.0116211
0.808934 0.496966 -0.314087
0.967051 -0.241656 0.0800887
0.492826 -0.86978 -0.0245945
0.246242 0.885741 -0.393481
0.300537 0.814271 -0.496628
0.299917 0.842454 -0.447574
-0.647111 -0.727198 -0.228978
-0.86378 0.503864 0.00215802
0.0207999 -0.98168 -0.189397
-0.169911 -0.967115 -0.18926
-0.336051 -0.916219 -0.218204
-0.150466 -0.77523 -0.613496
0.360139 0.834731 -0.416562
0.27843 0.015553 -0.960331
0.555305 0.721726 -0.413215
0.70477 0.575534 -0.414801
0.935814 0.164964 -0.31151
0.716904 0.533368 -0.448962
-0.253704 -0.931867 0.25934
-0.563256 -0.795975 0.221733
-0.216084 -0.975913 -0.0300192
0.33761 -0.933351 0.121963
0.186311 -0.595672 -0.781321
0.284764 0.308282 -0.907674
0.662166 0.165762 -0.730793
0.648127 -0.255684 -0.717326
-0.656706 0.724906 0.207963
-0.309545 0.950239 -0.0350402
-0.683932 0.720549 0.114218
-0.91703 0.324586 0.231732
0.712742 -0.698913 0.0593238
0.721877 -0.687675 0.0774364
0.102806 -0.994601 -0.0141336
0.813079 0.30345 -0.49681
0.564951 0.668847 -0.483191
-0.902001 -0.282929 -0.326106
-0.689319 0.720649 -0.074198
0.194748 0.863268 -0.465663
-0.362973 0.578304 -0.730627
-0.520712 0.192041 -0.831853
-0.594484 -0.732816 -0.331014
-0.817232 -0.485561 -0.310422
-0.268371 -0.949745 -0.161124
0.41023 0.812505 -0.414182
0.0162175 0.963277 -0.26802
0.359101 0.843126 -0.400232
-0.992878 0.00648334 -0.118956
-0.585017 -0.77473 -0.239892
-0.882662 -0.466861 -0.0543017
0.0228389 0.650012 -0.759581
-0.342144 -0.908176 -0.241149
0.805468 0.351414 -0.477209
0.87459 0.131878 -0.466584
0.896365 -0.28347 -0.340843
0.846358 0.169426 -0.504948
-0.530071 -0.836053 0.141564
-0.904241 -0.420284 0.0755626
-0.640644 -0.763264 -0.0836889
0.0117507 -0.99389 0.109744
0.0290075 -0.604601 -0.796
0.360354 0.162614 -0.918532
0.650271 -0.0892226 -0.754445
0.476545 -0.492367 -0.72834
-0.213154 0.972941 0.089166
0.132667 0.989225 -0.0619152
-0.263387 0.957929 0.114016
-0.654065 0.748602 0.108603
0.381068 -0.922493 -0.0615924
0.39991 -0.911797 0.0932649
-0.264024 -0.957985 -0.112057
0.855019 0.0248315 -0.518002
0.75128 0.301425 -0.58713
-0.88091 0.380713 -0.281166
-0.293523 0.955307 0.0351081
0.630225 0.586755 -0.508464
-0.069841 0.689216 -0.721182
-0.326594 0.501041 -0.801433
-0.881632 -0.352391 -0.31392
-0.964651 0.10123 -0.243314
-0.367289 -0.878704 -0.304924
0.751644 0.459955 -0.472729
0.471929 0.850186 -0.233382
0.673531 0.612293 -0.41407
-0.838858 0.54025 -0.0666924
-0.905698 -0.363565 -0.218017
-0.992095 0.0928508 -0.0844178
0.267831 0.544841 -0.794616
-0.623225 -0.735831 -0.264846
0.330853 -0.920766 0.206705
0.0715031 -0.986895 0.144655
0.29358 -0.952224 0.0841409
0.674655 -0.703674 0.222899
-0.0246638 0.994674 0.100077
0.170116 0.965865 0.195358
0.601747 0.796541 0.0585102
0.214475 0.976724 0.00320832
0.0311102 -0.0770598 -0.996541
-0.104317 0.203993 -0.973399
-0.121494 0.0197711 -0.992395
-0.127822 -0.197497 -0.971935
-0.985247 -0.0529852 0.162732
-0.995963 -0.0769874 -0.046162
-0.931382 -0.317281 0.178494
-0.954983 -0.142945 0.259949
0.996077 0.0869481 0.0164319
0.99574 -0.00625435 0.0919888
0.999633 0.00106781 0.0270813
0.997383 0.0607514 -0.039192
0.243032 -0.960387 -0.136352
0.029018 -0.762998 -0.645749
0.48351 -0.580575 -0.655096
-0.8262 -0.470674 -0.309613
-0.609383 0.0990667 -0.786662
0.0839202 0.0210654 -0.99625
-0.309857 -0.648284 -0.695497
-0.25526 0.966815 -0.0105465
0.0183177 0.87484 -0.484065
0.213189 0.283414 -0.935001
-0.401445 0.717999 -0.568612
0.943593 0.329761 -0.0298272
0.819385 0.0333974 -0.57227
-0.164544 0.0852367 -0.98268
0.452995 0.764088 -0.459308
0.0498704 -0.117491 -0.991821
-0.132402 -0.0723991 -0.988548
-0.0623037 -0.231392 -0.970864
-0.0728278 0.0931354 -0.992986
-0.973466 -0.0614932 0.220413
-0.968472 0.197213 0.152216
-0.999372 0.0247891 -0.0253125
0.544311 0.774158 0.323116
0.862829 0.400092 0.308953
0.962291 0.182081 0.202094
0.933038 0.335939 0.128785
-0.663458 -0.0478506 -0.746682
-0.880015 -0.34228 -0.329269
-0.568259 -0.0922773 -0.817659
0.128296 -0.167578 -0.977475
0.756227 0.131676 -0.640923
0.84864 0.184687 -0.495682
-0.0704924 0.371655 -0.925691
-0.139355 -0.974075 0.178208
-0.465206 -0.873821 0.141496
-0.156543 -0.987378 0.0240464
-0.54325 0.800465 0.253248
-0.189188 0.916006 0.353751
-0.0451916 0.944991 0.323959
-0.262973 0.945166 0.193666
0.0823841 0.323796 -0.942533
0.180956 0.11734 -0.976466
0.0319331 0.349852 -0.936261
0.140431 0.222816 -0.964693
-0.157039 -0.966999 -0.200627
0.16242 -0.190538 -0.96815
-0.154574 0.262465 -0.952481
0.16663 0.103372 -0.980586
0.0329519 0.172803 -0.984405
0.207707 -0.0472109 -0.977051
0.187968 -0.95402 0.233483
0.0213775 -0.982767 0.183607
0.221721 -0.970743 0.0921807
0.556616 -0.806716 0.198461
0.00931431 0.997798 0.0656724
0.23557 0.94723 0.2174
0.647817 0.760188 0.0494761
0.239447 0.970881 -0.00750974
0.026022 0.0490327 -0.998458
-0.239763 0.200124 -0.949981
-0.264071 0.0332164 -0.963931
-0.208167 -0.0530533 -0.976653
-0.961434 0.00113059 0.275033
-0.998372 -0.0557246 -0.0121891
-0.969045 -0.125545 0.212578
-0.933701 0.038279 0.356002
0.998009 0.0364451 -0.0514824
0.998423 -0.0271123 0.0491605
0.99993 -0.00356363 0.0112449
0.988981 0.130619 -0.0696859
0.188046 -0.974384 -0.123347
-0.00508245 -0.717916 -0.696111
0.363206 -0.611055 -0.703344
-0.916582 -0.326949 -0.230178
-0.627138 0.205324 -0.751359
0.218945 0.0175028 -0.97558
-0.358739 -0.651278 -0.668688
-0.205813 0.978591 -0.000214313
0.0301846 0.939106 -0.342299
0.131424 0.343132 -0.930048
-0.454064 0.810558 -0.369894
0.963558 0.26588 -0.029398
0.814031 0.0340445 -0.579823
-0.119898 0.195138 -0.973419
0.500058 0.77877 -0.378761
0.0301443 -0.0658084 -0.997377
-0.193666 0.0105943 -0.98101
-0.248412 0.0245761 -0.968343
-0.275409 0.127423 -0.952845
-0.938025 -0.0555431 0.342087
-0.959302 0.126135 0.252647
-0.993999 0.107128 0.0221171
0.589295 0.734034 0.337529
0.918361 0.312207 0.243187
0.986991 0.0730326 0.143232
0.960637 0.258283 0.102306
-0.653366 0.116623 -0.748006
-0.912657 -0.247741 -0.325088
-0.669867 -0.0376232 -0.741527
0.278236 0.0911912 -0.956174
0.758971 0.143129 -0.635198
0.803841 0.165096 -0.571474
-0.273343 0.274855 -0.921812
-0.163868 -0.962228 0.217406
-0.550387 -0.819533 0.159498
-0.196344 -0.979771 0.0387091
-0.588498 0.721833 0.364181
-0.238985 0.856792 0.456939
-0.0120942 0.918244 0.395831
-0.236602 0.945354 0.224333
0.308552 0.224049 -0.924444
0.361425 0.149522 -0.920334
0.0386132 0.335246 -0.941339
0.269621 0.198457 -0.942295
-0.212392 -0.961638 -0.173617
0.21663 -0.0749775 -0.97337
-0.0897245 0.320941 -0.942839
0.122885 0.225087 -0.966558
0.0253153 0.127791 -0.991478
0.231677 0.0392112 -0.972002
0.847386 0.159162 -0.506562
0.823865 -0.392575 -0.408818
0.53299 -0.837374 -0.121353
0.178273 -0.98192 0.0636602
0.683023 0.643547 -0.345436
-0.898726 0.428947 0.0910869
0.377269 0.832545 -0.405631
0.0886113 0.829802 -0.550977
0.0661537 0.820652 -0.567586
-0.76669 -0.641854 -0.0144759
-0.164156 -0.965065 -0.204213
-0.0574602 -0.983043 -0.174138
-0.570854 0.756797 -0.318409
0.950763 0.307348 0.0398499
0.966301 -0.0416233 0.254026
0.885804 -0.424642 0.187162
0.501762 0.756558 -0.419351
0.262926 0.816363 -0.514218
0.257689 0.807423 -0.53072
-0.946334 -0.319829 -0.0464898
-0.485009 -0.850777 -0.20235
-0.332865 -0.929761 -0.157305
-0.315463 0.917893 -0.24074
0.983263 0.181635 -0.0142358
0.962544 -0.215717 0.16424
0.759595 -0.628231 0.168349
0.569536 0.68312 -0.457138
0.885634 0.304372 -0.350729
0.966643 -0.201697 -0.157863
0.700858 -0.712224 0.0391739
0.167686 0.922679 -0.347194
-0.853409 -0.403353 0.33015
0.778029 0.39959 -0.484767
0.917015 -0.184159 -0.353792
0.766345 -0.640506 -0.0496742
0.489822 -0.864411 0.113437
0.486101 0.812304 -0.322286
-0.97943 0.146991 0.138243
0.0372675 -0.997764 -0.0554833
0.731085 -0.681989 0.0201641
0.141512 0.917591 0.371484
-0.96191 -0.046945 -0.269305
-0.925765 0.17864 -0.333236
-0.967266 -0.183519 -0.175263
0.984153 0.0577017 0.167668
0.975216 -0.0806562 0.206029
0.978255 -0.0754568 0.193195
-0.879172 0.471423 0.0693961
-0.628162 0.777483 0.0305407
-0.884794 0.433913 -0.169877
-0.990642 0.108443 -0.0828769
0.985571 0.140882 0.0938167
0.989359 0.136921 -0.0492091
0.987251 0.15794 0.0197822
-0.506616 -0.852084 -0.131507
-0.00796429 -0.999006 -0.0438557
0.649315 -0.760509 0.00392966
0.179075 0.878299 0.44331
-0.959313 0.0504409 -0.277802
-0.901987 0.329903 -0.278538
-0.992132 -0.033319 -0.120682
0.991382 -0.00238503 0.130979
0.983007 -0.0716357 0.169013
0.985961 -0.0837385 0.14446
-0.915015 0.381935 0.129893
-0.605329 0.794692 0.0451854
-0.930808 0.352661 -0.0960559
-0.995311 0.0634464 -0.0730069
0.997603 0.0509199 0.046861
0.995162 -0.0324961 -0.0927183
0.999183 0.0403851 0.00163078
-0.591179 -0.797409 -0.121019
0.676147 0.710325 -0.195609
-0.0110566 -0.9999 -0.00888393
0.230715 -0.959476 0.161791
0.22385 0.757028 -0.61384
0.401013 0.892246 -0.207572
0.189892 -0.979812 -0.0625317
0.388913 -0.918052 0.0769845
0.0527079 0.689006 -0.722836
-0.814971 -0.57935 -0.0132608
-0.788636 -0.572924 0.223186
0.971444 -0.208187 0.113818
0.991444 -0.128325 -0.0238998
0.924261 -0.278092 0.261546
-0.834869 0.505221 0.218507
0.958827 0.187191 0.213566
-0.919697 -0.392595 0.00515372
-0.934419 -0.270174 0.232093
0.958566 -0.273473 0.0797707
0.975053 -0.213198 -0.0617946
0.912262 -0.357134 0.200583
-0.917229 0.2566 0.304708
0.984815 0.0452212 0.167616
-0.641399 -0.734062 -0.223069
-0.739367 -0.586218 -0.331186
-0.641399 -0.734062 -0.223069
-0.803857 -0.429753 -0.41125
-0.739367 -0.586218 -0.331186
-0.803857 -0.429753 -0.41125
-0.441867 0.040814 -0.896152
-0.490816 -0.373335 -0.787224
-0.441867 0.040814 -0.896152
-0.459464 -0.540571 -0.704753
-0.490816 -0.373335 -0.787224
-0.459464 -0.540571 -0.704753
-0.459464 -0.540571 -0.704753
-0.272565 -0.642802 -0.715901
-0.753165 -0.360656 -0.550155
-0.459464 -0.540571 -0.704753
-0.272565 -0.642802 -0.715901
-0.803857 -0.429753 -0.41125
-0.753165 -0.360656 -0.550155
-0.803857 -0.429753 -0.41125
-0.208457 0.653645 -0.727525
-0.0923054 0.691326 -0.716623
-0.208457 0.653645 -0.727525
-0.0923054 0.691326 -0.716623
-0.295409 0.489253 -0.820589
-0.441867 0.040814 -0.896152
-0.295409 0.489253 -0.820589
-0.441867 0.040814 -0.896152
0.0766227 0.696455 -0.713498
-0.0283712 0.70015 -0.713431
0.0766227 0.696455 -0.713498
-0.0406282 0.697851 -0.715089
-0.0283712 0.70015 -0.713431
-0.0406282 0.697851 -0.715089
0.25241 0.0296177 -0.967167
0.0766227 0.696455 -0.713498
0.25241 0.0296177 -0.967167
0.0766227 0.696455 -0.713498
-0.209311 0.749358 -0.628213
-0.289609 0.727246 -0.622286
-0.209311 0.749358 -0.628213
-0.259026 0.744799 -0.614963
-0.289609 0.727246 -0.622286
-0.259026 0.744799 -0.614963
0.215901 0.213036 -0.952892
-0.209311 0.749358 -0.628213
0.215901 0.213036 -0.952892
-0.209311 0.749358 -0.628213
-0.974652 -0.0391369 -0.220279
-0.935814 0.164964 -0.311509
-0.974652 -0.0391369 -0.220279
-0.876198 0.30562 -0.372658
-0.935814 0.164964 -0.311509
-0.876198 0.30562 -0.372658
-0.410139 0.441875 -0.79783
-0.662166 0.165759 -0.730794
-0.410139 0.441875 -0.79783
-0.739508 8.30974e-005 -0.673148
-0.662166 0.165759 -0.730794
-0.739508 8.30974e-005 -0.673148
-0.739508 8.30974e-005 -0.673148
-0.648129 -0.255681 -0.717326
-0.813079 0.303449 -0.496811
-0.739508 8.30974e-005 -0.673148
-0.648129 -0.255681 -0.717326
-0.876198 0.30562 -0.372658
-0.813079 0.303449 -0.496811
-0.876198 0.30562 -0.372658
0.202498 0.678067 -0.706555
0.362967 0.578308 -0.730626
0.202498 0.678067 -0.706555
0.362967 0.578308 -0.730626
-0.0228377 0.650012 -0.759581
-0.410139 0.441875 -0.79783
-0.0228377 0.650012 -0.759581
-0.410139 0.441875 -0.79783
-0.848508 -0.487531 -0.205786
-0.896366 -0.283468 -0.340843
-0.848508 -0.487531 -0.205786
-0.903991 -0.0920653 -0.417522
-0.896366 -0.283468 -0.340843
-0.903991 -0.0920653 -0.417522
-0.509644 0.221878 -0.831284
-0.650271 -0.0892229 -0.754445
-0.509644 0.221878 -0.831284
-0.670498 -0.253542 -0.697244
-0.650271 -0.0892229 -0.754445
-0.670498 -0.253542 -0.697244
-0.670498 -0.253542 -0.697244
-0.476545 -0.492366 -0.728341
-0.855018 0.0248308 -0.518004
-0.670498 -0.253542 -0.697244
-0.476545 -0.492366 -0.728341
-0.903991 -0.0920653 -0.417522
-0.855018 0.0248308 -0.518004
-0.903991 -0.0920653 -0.417522
-0.111972 0.678836 -0.725702
0.069841 0.689216 -0.721182
-0.111972 0.678836 -0.725702
0.069841 0.689216 -0.721182
-0.267836 0.544839 -0.794616
-0.509644 0.221878 -0.831284
-0.267836 0.544839 -0.794616
-0.509644 0.221878 -0.831284
0.0103739 0.999917 0.00765652
0.0103739 0.999917 0.00765652
-0.614246 0.789041 -0.0107689
-0.614246 0.789041 -0.0107689
-0.999376 0.0295572 -0.0193552
-0.997383 0.0607506 -0.0391914
-0.999376 0.0295572 -0.0193552
-0.993858 0.10028 -0.046802
-0.997383 0.0607506 -0.0391914
-0.993858 0.10028 -0.046802
-0.614246 0.789041 -0.0107689
-0.214475 0.976724 0.00320834
-0.614246 0.789041 -0.0107689
0.0103739 0.999917 0.00765652
-0.214475 0.976724 0.00320834
0.0103739 0.999917 0.00765652
-0.0155817 0.999877 -0.00165491
-0.0155817 0.999877 -0.00165491
-0.640625 0.767722 -0.014213
-0.640625 0.767722 -0.014213
-0.998275 0.0368195 -0.0457219
-0.988981 0.130618 -0.0696853
-0.998275 0.0368195 -0.0457219
-0.994103 0.050003 -0.0962218
-0.988981 0.130618 -0.0696853
-0.994103 0.050003 -0.0962218
-0.640625 0.767722 -0.014213
-0.239447 0.97088 -0.00750974
-0.640625 0.767722 -0.014213
-0.0155817 0.999877 -0.00165491
-0.239447 0.97088 -0.00750974
-0.0155817 0.999877 -0.00165491
-0.499281 -0.859703 -0.107837
-0.53299 -0.837374 -0.121353
-0.499281 -0.859703 -0.107837
-0.641399 -0.734062 -0.223069
-0.53299 -0.837374 -0.121353
-0.641399 -0.734062 -0.223069
-0.500316 0.767156 -0.401443
-0.719253 0.628793 -0.295456
-0.500316 0.767156 -0.401443
-0.872849 0.47092 -0.127937
-0.719253 0.628793 -0.295456
-0.872849 0.47092 -0.127937
-0.622647 0.675755 -0.394545
-0.808935 0.496966 -0.314086
-0.622647 0.675755 -0.394545
-0.934861 0.312966 -0.167593
-0.808935 0.496966 -0.314086
-0.934861 0.312966 -0.167593
-0.95373 -0.260859 -0.149502
-0.966642 -0.201697 -0.157863
-0.95373 -0.260859 -0.149502
-0.974652 -0.0391369 -0.220279
-0.966642 -0.201697 -0.157863
-0.974652 -0.0391369 -0.220279
-0.736268 -0.675911 -0.0324557
-0.766344 -0.640507 -0.049674
-0.736268 -0.675911 -0.0324557
-0.848508 -0.487531 -0.205786
-0.766344 -0.640507 -0.049674
-0.848508 -0.487531 -0.205786
-0.748873 -0.657994 -0.0789563
-0.243031 -0.960387 -0.136352
-0.748873 -0.657994 -0.0789563
-0.0273945 -0.984594 -0.172699
-0.243031 -0.960387 -0.136352
-0.0273945 -0.984594 -0.172699
-0.988177 0.148536 -0.037989
-0.988177 0.148536 -0.037989
-0.0273945 -0.984594 -0.172699
0.157039 -0.966999 -0.200627
-0.0273945 -0.984594 -0.172699
0.157039 -0.966999 -0.200627
0.25526 0.966815 -0.0105461
0.25526 0.966815 -0.0105461
-0.661177 -0.742845 -0.10501
-0.188046 -0.974384 -0.123347
-0.661177 -0.742845 -0.10501
0.0177968 -0.989424 -0.143956
-0.188046 -0.974384 -0.123347
0.0177968 -0.989424 -0.143956
-0.99819 0.0175938 -0.0575133
-0.99819 0.0175938 -0.0575133
0.0177968 -0.989424 -0.143956
0.212392 -0.961638 -0.173617
0.0177968 -0.989424 -0.143956
0.212392 -0.961638 -0.173617
0.205813 0.978591 -0.000214313
0.205813 0.978591 -0.000214313
-0.934861 0.312966 -0.167593
-0.983263 0.181635 -0.0142357
-0.934861 0.312966 -0.167593
-0.988692 0.146768 0.0307659
-0.983263 0.181635 -0.0142357
-0.988692 0.146768 0.0307659
-0.27843 0.0155534 -0.960331
-0.298495 0.725811 -0.619757
-0.27843 0.0155534 -0.960331
-0.298495 0.725811 -0.619757
-0.259026 0.744799 -0.614963
-0.22385 0.757028 -0.61384
-0.259026 0.744799 -0.614963
-0.298495 0.725811 -0.619757
-0.360138 0.834729 -0.416566
-0.22385 0.757028 -0.61384
-0.298495 0.725811 -0.619757
-0.622647 0.675755 -0.394545
-0.360138 0.834729 -0.416566
-0.622647 0.675755 -0.394545
-0.872849 0.47092 -0.127937
-0.950763 0.307348 0.0398499
-0.872849 0.47092 -0.127937
-0.957623 0.269305 0.102146
-0.950763 0.307348 0.0398499
-0.957623 0.269305 0.102146
-0.264295 -0.0111553 -0.964377
-0.164342 0.668075 -0.725719
-0.264295 -0.0111553 -0.964377
-0.164342 0.668075 -0.725719
-0.0406282 0.697851 -0.715089
-0.0527079 0.689006 -0.722836
-0.0406282 0.697851 -0.715089
-0.164342 0.668075 -0.725719
-0.221908 0.856721 -0.465602
-0.0527079 0.689006 -0.722836
-0.164342 0.668075 -0.725719
-0.500316 0.767156 -0.401443
-0.221908 0.856721 -0.465602
-0.500316 0.767156 -0.401443
-0.748873 -0.657994 -0.0789563
-0.731085 -0.681988 0.020164
-0.748873 -0.657994 -0.0789563
-0.709248 -0.696038 0.111793
-0.731085 -0.681988 0.020164
-0.709248 -0.696038 0.111793
-0.991444 -0.128324 -0.0238993
-0.999376 0.0295572 -0.0193552
-0.991444 -0.128324 -0.0238993
-0.999376 0.0295572 -0.0193552
-0.709248 -0.696038 0.111793
-0.674656 -0.703673 0.2229
-0.709248 -0.696038 0.111793
-0.676719 -0.690704 0.254911
-0.674656 -0.703673 0.2229
-0.676719 -0.690704 0.254911
-0.993858 0.10028 -0.046802
-0.989359 0.136921 -0.0492094
-0.993858 0.10028 -0.046802
-0.989359 0.136921 -0.0492094
-0.943593 0.329762 -0.0298272
-0.988177 0.148536 -0.037989
-0.943593 0.329762 -0.0298272
-0.988177 0.148536 -0.037989
-0.661177 -0.742845 -0.10501
-0.649315 -0.76051 0.00393022
-0.661177 -0.742845 -0.10501
-0.617799 -0.780448 0.0960453
-0.649315 -0.76051 0.00393022
-0.617799 -0.780448 0.0960453
-0.975053 -0.213196 -0.0617945
-0.998275 0.0368195 -0.0457219
-0.975053 -0.213196 -0.0617945
-0.998275 0.0368195 -0.0457219
-0.617799 -0.780448 0.0960453
-0.556617 -0.806716 0.198461
-0.617799 -0.780448 0.0960453
-0.527826 -0.815516 0.237348
-0.556617 -0.806716 0.198461
-0.527826 -0.815516 0.237348
-0.994103 0.050003 -0.0962218
-0.995162 -0.0324953 -0.0927179
-0.994103 0.050003 -0.0962218
-0.995162 -0.0324953 -0.0927179
-0.963558 0.265881 -0.029399
-0.99819 0.0175938 -0.0575133
-0.963558 0.265881 -0.029399
-0.99819 0.0175938 -0.0575133
0.803857 -0.429752 -0.411251
0.739367 -0.586218 -0.331186
0.803857 -0.429752 -0.411251
0.641399 -0.734062 -0.223069
0.739367 -0.586218 -0.331186
0.641399 -0.734062 -0.223069
0.459463 -0.540571 -0.704753
0.490816 -0.373334 -0.787224
0.459463 -0.540571 -0.704753
0.441865 0.0408142 -0.896153
0.490816 -0.373334 -0.787224
0.441865 0.0408142 -0.896153
0.459463 -0.540571 -0.704753
0.753168 -0.360653 -0.550152
0.272565 -0.642802 -0.715901
0.459463 -0.540571 -0.704753
0.803857 -0.429752 -0.411251
0.753168 -0.360653 -0.550152
0.803857 -0.429752 -0.411251
0.272565 -0.642802 -0.715901
0.0923055 0.691326 -0.716623
0.208457 0.653645 -0.727526
0.0923055 0.691326 -0.716623
0.208457 0.653645 -0.727526
0.441865 0.0408142 -0.896153
0.295409 0.489252 -0.820589
0.441865 0.0408142 -0.896153
0.295409 0.489252 -0.820589
-0.0766227 0.696455 -0.713498
0.0283712 0.70015 -0.713431
-0.0766227 0.696455 -0.713498
0.0406282 0.697851 -0.715089
0.0283712 0.70015 -0.713431
0.0406282 0.697851 -0.715089
-0.25241 0.029618 -0.967167
-0.0766227 0.696455 -0.713498
-0.25241 0.029618 -0.967167
-0.0766227 0.696455 -0.713498
0.209311 0.749358 -0.628213
0.289609 0.727246 -0.622286
0.209311 0.749358 -0.628213
0.259026 0.744799 -0.614963
0.289609 0.727246 -0.622286
0.259026 0.744799 -0.614963
-0.2159 0.213036 -0.952892
0.209311 0.749358 -0.628213
-0.2159 0.213036 -0.952892
0.209311 0.749358 -0.628213
0.876198 0.30562 -0.372658
0.935814 0.164964 -0.31151
0.876198 0.30562 -0.372658
0.974652 -0.0391365 -0.220279
0.935814 0.164964 -0.31151
0.974652 -0.0391365 -0.220279
0.739508 8.24212e-005 -0.673148
0.662166 0.165762 -0.730793
0.739508 8.24212e-005 -0.673148
0.41014 0.441876 -0.797829
0.662166 0.165762 -0.730793
0.41014 0.441876 -0.797829
0.739508 8.24212e-005 -0.673148
0.813079 0.30345 -0.49681
0.648127 -0.255684 -0.717326
0.739508 8.24212e-005 -0.673148
0.876198 0.30562 -0.372658
0.813079 0.30345 -0.49681
0.876198 0.30562 -0.372658
0.648127 -0.255684 -0.717326
-0.362973 0.578304 -0.730627
-0.202498 0.678067 -0.706555
-0.362973 0.578304 -0.730627
-0.202498 0.678067 -0.706555
0.41014 0.441876 -0.797829
0.0228389 0.650012 -0.759581
0.41014 0.441876 -0.797829
0.0228389 0.650012 -0.759581
0.903991 -0.0920669 -0.417522
0.896365 -0.28347 -0.340843
0.903991 -0.0920669 -0.417522
0.848508 -0.487531 -0.205785
0.896365 -0.28347 -0.340843
0.848508 -0.487531 -0.205785
0.670498 -0.253544 -0.697243
0.650271 -0.0892226 -0.754445
0.670498 -0.253544 -0.697243
0.509643 0.221879 -0.831285
0.650271 -0.0892226 -0.754445
0.509643 0.221879 -0.831285
0.670498 -0.253544 -0.697243
0.855019 0.0248315 -0.518002
0.476545 -0.492367 -0.72834
0.670498 -0.253544 -0.697243
0.903991 -0.0920669 -0.417522
0.855019 0.0248315 -0.518002
0.903991 -0.0920669 -0.417522
0.476545 -0.492367 -0.72834
-0.069841 0.689216 -0.721182
0.111972 0.678836 -0.725702
-0.069841 0.689216 -0.721182
0.111972 0.678836 -0.725702
0.509643 0.221879 -0.831285
0.267831 0.544841 -0.794616
0.509643 0.221879 -0.831285
0.267831 0.544841 -0.794616
-0.0103739 0.999917 0.00765651
-0.0103739 0.999917 0.00765651
0.614245 0.789042 -0.010769
0.614245 0.789042 -0.010769
0.993858 0.100281 -0.046802
0.997383 0.0607514 -0.039192
0.993858 0.100281 -0.046802
0.999376 0.0295566 -0.0193557
0.997383 0.0607514 -0.039192
0.999376 0.0295566 -0.0193557
-0.0103739 0.999917 0.00765651
0.214475 0.976724 0.00320832
-0.0103739 0.999917 0.00765651
0.614245 0.789042 -0.010769
0.214475 0.976724 0.00320832
0.614245 0.789042 -0.010769
0.0155818 0.999877 -0.0016549
0.0155818 0.999877 -0.0016549
0.640625 0.767722 -0.0142128
0.640625 0.767722 -0.0142128
0.994103 0.0500031 -0.0962219
0.988981 0.130619 -0.0696859
0.994103 0.0500031 -0.0962219
0.998275 0.0368197 -0.0457222
0.988981 0.130619 -0.0696859
0.998275 0.0368197 -0.0457222
0.0155818 0.999877 -0.0016549
0.239447 0.970881 -0.00750974
0.0155818 0.999877 -0.0016549
0.640625 0.767722 -0.0142128
0.239447 0.970881 -0.00750974
0.640625 0.767722 -0.0142128
0.641399 -0.734062 -0.223069
0.53299 -0.837374 -0.121353
0.641399 -0.734062 -0.223069
0.499281 -0.859703 -0.107836
0.53299 -0.837374 -0.121353
0.499281 -0.859703 -0.107836
0.872849 0.47092 -0.127937
0.719253 0.628793 -0.295456
0.872849 0.47092 -0.127937
0.500316 0.767156 -0.401443
0.719253 0.628793 -0.295456
0.500316 0.767156 -0.401443
0.934861 0.312966 -0.167593
0.808934 0.496966 -0.314087
0.934861 0.312966 -0.167593
0.622647 0.675755 -0.394545
0.808934 0.496966 -0.314087
0.622647 0.675755 -0.394545
0.974652 -0.0391365 -0.220279
0.966643 -0.201697 -0.157863
0.974652 -0.0391365 -0.220279
0.95373 -0.260859 -0.149503
0.966643 -0.201697 -0.157863
0.95373 -0.260859 -0.149503
0.848508 -0.487531 -0.205785
0.766345 -0.640506 -0.0496742
0.848508 -0.487531 -0.205785
0.736268 -0.675911 -0.0324558
0.766345 -0.640506 -0.0496742
0.736268 -0.675911 -0.0324558
0.0273946 -0.984594 -0.172699
0.243032 -0.960387 -0.136352
0.0273946 -0.984594 -0.172699
0.748872 -0.657994 -0.0789561
0.243032 -0.960387 -0.136352
0.748872 -0.657994 -0.0789561
0.988177 0.148536 -0.0379887
0.988177 0.148536 -0.0379887
-0.157039 -0.966999 -0.200627
0.0273946 -0.984594 -0.172699
-0.157039 -0.966999 -0.200627
0.0273946 -0.984594 -0.172699
-0.25526 0.966815 -0.0105465
-0.25526 0.966815 -0.0105465
-0.0177968 -0.989424 -0.143956
0.188046 -0.974384 -0.123347
-0.0177968 -0.989424 -0.143956
0.661176 -0.742845 -0.105011
0.188046 -0.974384 -0.123347
0.661176 -0.742845 -0.105011
0.99819 0.0175939 -0.0575133
0.99819 0.0175939 -0.0575133
-0.212392 -0.961638 -0.173617
-0.0177968 -0.989424 -0.143956
-0.212392 -0.961638 -0.173617
-0.0177968 -0.989424 -0.143956
-0.205813 0.978591 -0.000214313
-0.205813 0.978591 -0.000214313
0.988692 0.146769 0.0307659
0.983263 0.181635 -0.0142358
0.988692 0.146769 0.0307659
0.934861 0.312966 -0.167593
0.983263 0.181635 -0.0142358
0.934861 0.312966 -0.167593
0.298495 0.725812 -0.619757
0.27843 0.015553 -0.960331
0.298495 0.725812 -0.619757
0.27843 0.015553 -0.960331
0.259026 0.744799 -0.614963
0.22385 0.757028 -0.61384
0.259026 0.744799 -0.614963
0.622647 0.675755 -0.394545
0.360139 0.834731 -0.416562
0.622647 0.675755 -0.394545
0.298495 0.725812 -0.619757
0.22385 0.757028 -0.61384
0.360139 0.834731 -0.416562
0.298495 0.725812 -0.619757
0.957622 0.269305 0.102146
0.950763 0.307348 0.0398499
0.957622 0.269305 0.102146
0.872849 0.47092 -0.127937
0.950763 0.307348 0.0398499
0.872849 0.47092 -0.127937
0.164342 0.668075 -0.725719
0.264295 -0.0111555 -0.964377
0.164342 0.668075 -0.725719
0.264295 -0.0111555 -0.964377
0.0406282 0.697851 -0.715089
0.0527079 0.689006 -0.722836
0.0406282 0.697851 -0.715089
0.500316 0.767156 -0.401443
0.221908 0.856721 -0.465602
0.500316 0.767156 -0.401443
0.164342 0.668075 -0.725719
0.0527079 0.689006 -0.722836
0.221908 0.856721 -0.465602
0.164342 0.668075 -0.725719
0.709248 -0.696039 0.111793
0.731085 -0.681989 0.0201641
0.709248 -0.696039 0.111793
0.748872 -0.657994 -0.0789561
0.731085 -0.681989 0.0201641
0.748872 -0.657994 -0.0789561
0.999376 0.0295566 -0.0193557
0.991444 -0.128325 -0.0238998
0.999376 0.0295566 -0.0193557
0.991444 -0.128325 -0.0238998
0.676718 -0.690705 0.25491
0.674655 -0.703674 0.222899
0.676718 -0.690705 0.25491
0.709248 -0.696039 0.111793
0.674655 -0.703674 0.222899
0.709248 -0.696039 0.111793
0.989359 0.136921 -0.0492091
0.993858 0.100281 -0.046802
0.989359 0.136921 -0.0492091
0.993858 0.100281 -0.046802
0.988177 0.148536 -0.0379887
0.943593 0.329761 -0.0298272
0.988177 0.148536 -0.0379887
0.943593 0.329761 -0.0298272
0.617799 -0.780449 0.0960454
0.649315 -0.760509 0.00392966
0.617799 -0.780449 0.0960454
0.661176 -0.742845 -0.105011
0.649315 -0.760509 0.00392966
0.661176 -0.742845 -0.105011
0.998275 0.0368197 -0.0457222
0.975053 -0.213198 -0.0617946
0.998275 0.0368197 -0.0457222
0.975053 -0.213198 -0.0617946
0.527825 -0.815516 0.237348
0.556616 -0.806716 0.198461
0.527825 -0.815516 0.237348
0.617799 -0.780449 0.0960454
0.556616 -0.806716 0.198461
0.617799 -0.780449 0.0960454
0.995162 -0.0324961 -0.0927183
0.994103 0.0500031 -0.0962219
0.995162 -0.0324961 -0.0927183
0.994103 0.0500031 -0.0962219
0.99819 0.0175939 -0.0575133
0.963558 0.26588 -0.029398
0.99819 0.0175939 -0.0575133
0.963558 0.26588 -0.029398
