0.430861 0.87618 -0.216029
-0.0935097 0.983853 -0.15261
-0.38744 -0.286605 0.876212
0.0806242 0.0765169 -0.993803
-0.249983 0.934526 -0.253316
0.17688 -0.17751 0.968093
-0.262967 0.197107 0.944456
-0.437927 0.424042 -0.792722
0.438698 -0.0506787 -0.897205
0.0459725 -0.20118 0.978475
-0.329596 -0.0779756 0.940897
0.322334 0.885508 -0.334629
0.351588 -0.916508 -0.190785
-0.448142 0.874239 -0.18675
-0.8846 0.354636 0.302848
0.951087 -0.290743 -0.104416
0.910472 -0.413497 -0.00776522
0.822073 -0.487171 0.294721
0.463854 -0.841265 -0.277692
-0.412183 0.895845 0.166031
-0.867158 0.495258 -0.0525053
-0.363446 0.548998 -0.752667
0.548208 0.309899 -0.776808
-0.355257 -0.280324 0.891746
0.142394 -0.404443 0.90341
0.848248 -0.418056 0.325122
-0.819629 0.471601 -0.325272
0.156365 -0.987626 0.0120846
-0.793292 -0.377149 0.477961
0.830521 -0.552442 0.0710139
-0.605109 0.145779 0.782683
-0.775525 0.62031 0.117376
0.697034 0.710992 -0.0929253
0.980423 -0.0132796 0.196453
-0.852981 -0.507235 0.123034
-0.789831 0.323086 0.521327
0.355315 0.86455 -0.355395
-0.16381 0.948673 -0.270526
0.917803 -0.374955 -0.130567
-0.894225 0.439504 0.0848439
0.932871 -0.326016 -0.153183
0.741633 -0.669947 -0.0339484
0.833869 -0.517062 -0.193155
0.92868 -0.358675 -0.0943673
0.803898 -0.538467 -0.252589
0.326224 -0.929698 -0.170995
0.369224 -0.856057 0.361717
-0.832543 0.443591 -0.331813
0.846339 -0.39969 0.352078
0.909374 -0.388878 0.147689
0.870968 -0.473642 0.130682
0.914456 -0.398879 0.0683016
0.557884 0.00367129 -0.829911
-0.584991 0.386548 -0.712998
0.956548 -0.29016 0.0286837
0.279736 -0.929042 0.242134
0.895842 -0.442008 0.0457836
0.372651 -0.921858 0.106343
0.698538 -0.703015 -0.133472
0.879794 -0.440554 0.178534
0.890676 -0.290745 0.349518
0.647282 -0.73525 -0.201081
0.665774 -0.740911 0.0882938
0.652716 -0.733176 0.190829
0.269689 0.124715 -0.954837
-0.507099 0.736471 -0.447728
-0.934386 0.220755 -0.279624
-0.666299 0.681151 -0.303444
0.11869 -0.503165 0.856001
0.136119 -0.971972 -0.191683
0.19333 -0.946691 -0.257682
0.129347 -0.331725 0.934467
0.313637 -0.930012 -0.1916
0.165577 -0.230265 0.958938
0.882651 -0.46969 0.0178735
0.84032 -0.536815 -0.0754541
0.221319 0.264174 0.938738
0.021955 0.302928 0.952761
-0.234577 -0.07211 0.969419
-0.16516 0.112676 0.979809
0.0319426 -0.537412 0.842715
0.182462 -0.963275 -0.197
-0.230203 0.968539 -0.0945465
0.0678268 -0.454089 0.888371
0.170833 -0.948397 -0.267132
0.00388183 0.166245 0.986077
0.0592881 -0.301587 0.951593
0.525283 -0.830042 -0.187373
-0.520307 0.829351 0.203611
0.237549 -0.0972579 0.966494
0.813237 -0.577936 -0.0680868
-0.84727 0.50942 0.150416
0.0930577 -0.4107 0.907009
0.880093 -0.460859 0.114218
-0.958953 0.263758 0.104121
0.0965965 -0.212566 0.97236
-0.956533 0.190039 0.221201
0.899707 -0.289295 0.326856
0.195081 -0.973632 0.118259
-0.805388 0.587699 0.0771984
-0.913464 0.402247 -0.0614928
-0.511675 0.539091 -0.669007
0.383857 0.0173639 -0.923229
-0.871846 0.462165 -0.162137
-0.0756717 0.995589 -0.0554637
-0.149067 0.971343 0.185126
-0.332296 -0.210514 0.919382
0.0306625 -0.324649 0.945337
0.84458 -0.383178 0.373977
-0.855779 0.260786 -0.446803
0.735495 -0.635372 0.235265
0.711655 -0.702339 -0.0163602
0.72063 -0.663513 0.201105
0.311517 -0.886982 -0.34091
0.736053 -0.624101 -0.26215
0.786733 -0.614236 -0.0613673
0.892481 -0.450235 -0.0276851
0.911903 -0.387615 0.13486
0.887661 -0.391044 0.243194
0.893664 -0.437087 0.101586
0.958796 -0.262374 -0.108951
0.987997 -0.00758682 -0.154287
0.925034 -0.360614 -0.119452
0.937844 -0.268255 -0.220198
0.962575 -0.0828745 0.258033
0.761944 -0.571217 0.305209
-0.226938 -0.470929 0.852482
-0.0463707 0.256415 0.965454
0.963358 -0.0879898 0.253375
-0.129753 0.449236 0.883941
0.468564 -0.754044 0.460288
-0.6054 -0.454815 0.653172
-0.941871 0.166156 0.292011
-0.913652 0.393841 0.100647
-0.879872 0.475207 0.00168264
-0.905095 0.424684 0.0211135
-0.949995 0.304645 -0.0685655
-0.905439 0.363545 -0.219122
-0.839337 0.50026 -0.21273
-0.865422 0.125845 0.484983
-0.983775 -0.171264 0.0534424
-0.981424 0.114702 0.153786
-0.99962 0.026731 0.00667594
-0.996287 -0.0212883 0.0834257
-0.683126 -0.588952 0.431827
-0.838356 -0.299047 0.455774
0.959395 -0.261959 -0.10459
0.80245 -0.396498 0.44594
0.538533 -0.746582 0.390637
0.485814 -0.859102 -0.161023
0.894723 -0.432031 0.113225
0.771068 -0.390784 0.502734
0.505202 -0.730807 0.459012
0.527681 -0.849442 0.000995851
-0.819684 0.40291 -0.407162
-0.214616 -0.663843 0.716416
-0.945971 -0.180369 0.269454
0.0202808 -0.5062 0.862178
-0.972817 -0.176076 0.150416
0.127915 -0.950662 -0.282628
0.18531 -0.969869 0.158156
0.196766 -0.944066 0.264619
0.406015 -0.904812 0.128322
0.191967 -0.937208 0.291188
0.93304 -0.313051 0.177302
0.890361 -0.449636 0.0713148
0.782401 -0.619396 0.0647848
0.772682 -0.610086 -0.175375
0.964514 -0.231029 0.127817
0.7168 -0.697137 0.0140653
0.194289 -0.933005 -0.302908
0.241713 -0.930191 -0.27626
0.208593 -0.974803 0.0790489
0.853505 -0.520979 -0.010447
0.952055 -0.298865 0.0653482
0.695391 -0.485714 0.529635
5.59378e-010 0.0869355 -0.996214
-2.98346e-006 -0.54327 0.839558
2.23494e-009 -0.870336 -0.492459
3.3212e-010 -0.962181 -0.272412
-5.39694e-007 0.999574 0.0291822
0.249983 0.934526 -0.253316
-0.0806241 0.0765169 -0.993803
0.262967 0.197108 0.944456
0.520307 0.829351 0.203611
-0.0592886 -0.301587 0.951594
-0.17688 -0.17751 0.968093
0.507099 0.736471 -0.447729
-0.269689 0.124716 -0.954837
-0.0459722 -0.20118 0.978475
0.329596 -0.0779758 0.940897
0.958953 0.263758 0.104121
-0.0930572 -0.4107 0.907009
-0.980423 -0.013279 0.196452
-0.697034 0.710992 -0.0929253
0.775525 0.62031 0.117375
0.605108 0.145779 0.782683
-0.525283 -0.830041 -0.187373
-0.698537 -0.703016 -0.133472
-0.372651 -0.921858 0.106342
-0.463854 -0.841265 -0.277691
-0.241713 -0.930191 -0.27626
-0.208593 -0.974803 0.0790489
0.149067 0.971343 0.185126
0.412183 0.895845 0.166031
-0.880092 -0.460859 0.114219
-0.879794 -0.440554 0.178535
-0.711655 -0.702339 -0.0163595
-0.72063 -0.663513 0.201105
-0.735495 -0.635371 0.235265
-0.782401 -0.619397 0.0647847
0.805388 0.587699 0.0771983
0.0935095 0.983853 -0.15261
-0.430861 0.876179 -0.216029
-0.548208 0.309899 -0.776808
0.363446 0.548998 -0.752667
-0.557883 0.00367147 -0.829911
0.584991 0.386548 -0.712998
-0.909374 -0.388878 0.147689
-0.870968 -0.473642 0.130682
-0.741633 -0.669946 -0.0339486
-0.369224 -0.856057 0.361717
-0.0965966 -0.212566 0.97236
0.956533 0.190039 0.221201
-0.142394 -0.404443 0.90341
-0.899707 -0.289295 0.326857
-0.890676 -0.290745 0.349518
-0.822073 -0.48717 0.294721
-0.892481 -0.450235 -0.0276851
-0.911903 -0.387615 0.134859
-0.846339 -0.39969 0.352078
-0.893664 -0.437087 0.101586
-0.887661 -0.391044 0.243193
0.894225 0.439504 0.0848438
0.867158 0.495258 -0.0525052
0.789831 0.323086 0.521327
0.838356 -0.299047 0.455774
0.871846 0.462165 -0.162137
0.913464 0.402247 -0.0614928
0.819629 0.4716 -0.325272
0.905095 0.424684 0.0211137
0.949995 0.304645 -0.0685656
0.839337 0.50026 -0.21273
0.437927 0.424042 -0.792722
-0.830521 -0.552442 0.0710141
-0.156365 -0.987626 0.0120846
-0.351588 -0.916508 -0.190785
-0.803897 -0.538468 -0.252589
0.865422 0.125845 0.484982
0.8846 0.354635 0.302849
0.913652 0.393841 0.100647
0.941871 0.166156 0.292011
0.448142 0.874239 -0.18675
-0.322334 0.885508 -0.334629
-0.951087 -0.290743 -0.104416
-0.987997 -0.00758682 -0.154287
0.16381 0.948674 -0.270527
-0.355315 0.86455 -0.355395
-0.833869 -0.517062 -0.193155
-0.92868 -0.358675 -0.0943674
-0.932871 -0.326016 -0.153183
-0.925035 -0.360614 -0.119451
-0.937845 -0.268255 -0.220198
-0.917803 -0.374955 -0.130567
-0.958796 -0.262374 -0.108951
0.683126 -0.588952 0.431827
0.972817 -0.176076 0.150416
0.879872 0.475207 0.00168248
0.6054 -0.454815 0.653172
-0.468563 -0.754045 0.460288
-0.761944 -0.571217 0.305209
0.85298 -0.507235 0.123033
-0.326225 -0.929698 -0.170994
0.983775 -0.171264 0.0534423
-0.0306625 -0.324649 0.945337
0.332296 -0.210514 0.919382
0.355257 -0.280324 0.891746
0.905439 0.363545 -0.219122
0.934386 0.220756 -0.279624
0.855779 0.260786 -0.446803
0.819684 0.40291 -0.407162
0.832542 0.443591 -0.331813
0.0463707 0.256415 0.965454
0.129752 0.449236 0.883941
-0.963358 -0.08799 0.253375
-0.962575 -0.0828739 0.258032
-0.84458 -0.383179 0.373977
-0.964515 -0.231029 0.127817
-0.914457 -0.398878 0.0683018
-0.93304 -0.313051 0.177302
-0.848248 -0.418056 0.325123
-0.910472 -0.413498 -0.00776544
-0.438698 -0.0506788 -0.897204
-0.952055 -0.298865 0.0653481
-0.406014 -0.904813 0.128321
-0.7168 -0.697137 0.014065
-0.652715 -0.733176 0.19083
-0.279736 -0.929042 0.242135
-0.665774 -0.740911 0.0882922
-0.647282 -0.73525 -0.20108
-0.195081 -0.973632 0.118259
-0.18531 -0.969869 0.158156
-0.196767 -0.944066 0.264618
-0.191966 -0.937208 0.291186
-0.383857 0.0173634 -0.923229
-0.786733 -0.614236 -0.0613677
-0.736053 -0.624101 -0.262151
0.511674 0.539091 -0.669007
0.0756714 0.995589 -0.0554637
0.230204 0.968539 -0.0945462
0.84727 0.509419 0.150416
0.38744 -0.286605 0.876212
0.666299 0.681152 -0.303444
-0.118689 -0.503164 0.856002
-0.0319385 -0.537409 0.842717
-0.182461 -0.963275 -0.197001
-0.136121 -0.971971 -0.191686
-0.129347 -0.331726 0.934466
-0.0678282 -0.454089 0.888371
-0.170833 -0.948397 -0.267132
-0.313637 -0.930012 -0.1916
-0.165577 -0.230264 0.958938
-0.23755 -0.0972582 0.966494
-0.813237 -0.577936 -0.0680875
-0.882651 -0.469689 0.017874
-0.221319 0.264175 0.938738
0.16516 0.112676 0.979809
-0.0219553 0.302928 0.95276
-0.00388025 0.166244 0.986077
0.234577 -0.07211 0.969419
-6.40602e-008 0.998302 -0.0582459
1.06973e-007 0.255271 0.966869
-1.95364e-008 -0.973903 -0.226967
-0.127915 -0.950662 -0.282628
-0.19333 -0.946691 -0.257682
-4.72185e-008 0.994987 0.100003
-0.0202809 -0.5062 0.862178
-0.890361 -0.449636 0.0713153
-0.894723 -0.432032 0.113224
-0.771068 -0.390785 0.502734
-0.505203 -0.730808 0.45901
-0.527678 -0.849444 0.000991943
-0.311517 -0.886983 -0.340908
0.226938 -0.470929 0.852482
0.793292 -0.377149 0.477961
0.99962 0.026731 0.00667594
0.981424 0.114702 0.153787
0.996287 -0.0212882 0.0834255
0.214616 -0.663843 0.716416
-0.80245 -0.396499 0.445941
-0.959395 -0.261959 -0.10459
-0.538531 -0.746584 0.390636
-0.485812 -0.859104 -0.161022
0.945971 -0.180369 0.269453
-0.695391 -0.485714 0.529636
-0.853506 -0.520979 -0.0104469
-0.895842 -0.442008 0.0457829
-0.194289 -0.933005 -0.302908
-0.772682 -0.610087 -0.175375
-0.840319 -0.536815 -0.0754538
-0.956548 -0.29016 0.0286834
-6.7201e-009 -0.982808 0.184632
-6.2333e-010 -0.987388 0.158316
-0.0299379 0.425962 -0.904245
-0.515296 -0.336262 0.788288
-0.0243975 0.410236 -0.911653
-0.272019 -0.576816 0.770252
0.150457 0.88919 0.432093
0.518921 -0.789594 0.327509
0.291802 -0.946054 -0.14083
-0.145676 0.794177 0.589967
0.555004 -0.645113 0.525166
0.738517 -0.660452 0.13563
-0.562605 0.693399 0.450192
0.276861 0.838851 -0.468697
0.176502 0.263126 -0.948479
0.742938 -0.645814 0.175976
-0.138666 0.202601 0.969394
0.559534 -0.403504 0.723951
0.823193 -0.433749 0.366353
0.945841 0.247016 -0.210638
-0.918418 0.381945 0.103081
-0.926371 0.331556 -0.178625
-0.899313 0.431218 -0.0727097
-0.814046 0.519562 -0.259585
0.532889 -0.834383 -0.140837
-0.905793 0.167525 0.389197
-0.913112 0.401708 0.0696975
-0.062863 0.975991 -0.208541
0.991028 0.0678678 -0.115138
0.163667 0.946294 -0.278821
0.0683815 0.93773 -0.340567
0.905727 -0.402593 -0.13258
0.938945 -0.309429 -0.150456
0.932907 0.300437 -0.198552
0.953216 -0.248618 -0.171956
-0.787414 -0.483376 0.382526
-0.883585 0.457807 0.0984401
-0.846427 0.532498 -0.00271544
0.0684391 -0.417177 0.906245
0.876977 -0.469976 0.100166
0.914251 -0.340288 -0.219883
-0.373528 -0.908127 -0.189161
0.610795 -0.739623 -0.282643
-0.0818348 -0.114699 0.990024
-0.849188 0.263068 -0.457903
0.415985 0.372815 0.829437
0.918964 -0.345489 0.190112
0.870035 -0.421844 0.255119
0.882879 -0.468314 -0.0347263
0.934079 -0.356952 0.00901101
0.899627 -0.194668 -0.390864
0.0556631 0.181691 -0.981779
0.545386 -0.834373 0.0798471
0.570988 -0.814734 -0.100901
0.256171 -0.929635 0.26487
0.445105 -0.859486 0.251328
0.725522 -0.35624 -0.588822
0.0152283 0.319017 -0.947627
-0.152195 0.984057 -0.092029
-0.898074 0.423778 -0.117794
-0.927865 0.170149 0.331838
-0.735866 0.658429 -0.158025
0.0201295 -0.922755 0.384861
0.163229 -0.933324 0.319785
0.690344 -0.543813 0.477172
-0.341845 -0.334903 0.878056
-0.403058 -0.291665 0.867454
-0.238778 -0.468798 0.85042
-0.081574 0.936937 0.339844
0.206186 -0.925271 0.318371
0.324244 -0.255396 0.910845
0.174174 -0.93475 0.309685
0.532506 -0.0789304 0.842738
-0.18184 0.880371 0.438043
0.461063 0.386757 0.798649
0.439471 -0.805478 0.397581
0.773138 -0.491981 0.400265
0.167087 0.511226 0.843048
-0.0326898 0.274668 0.960983
0.741577 -0.320965 0.589105
-0.124438 -0.530789 0.838319
0.612509 -0.150679 0.775969
0.296856 -0.909651 -0.290537
0.211429 -0.972413 -0.0985386
-0.715836 0.694042 -0.0767093
-0.81685 0.537617 0.209103
-0.881267 0.469162 -0.0570498
0.0300256 0.2151 -0.97613
-0.867566 0.417736 -0.269862
-0.087872 0.935564 0.342051
-0.00736683 0.994873 -0.100866
-0.177225 -0.468103 0.86572
0.575073 -0.364869 0.732231
-0.953919 -0.0455888 0.296582
0.763839 -0.587374 0.267471
0.809076 -0.569719 0.144277
0.714674 -0.613413 0.336103
0.0972008 -0.538211 -0.837186
0.482649 -0.45018 -0.751257
0.769486 -0.36819 -0.52185
0.85928 -0.27654 -0.430307
0.789917 -0.41237 0.453853
0.786615 -0.531806 0.31372
0.889702 -0.455095 -0.0363202
0.905026 0.319843 -0.280408
0.957187 -0.248431 -0.148577
0.37486 -0.147429 0.915284
0.936845 -0.293803 -0.189739
0.37758 -0.0211113 0.925736
-0.0107348 -0.840411 0.541844
-0.919792 0.133469 0.36901
-0.910487 0.280962 0.303438
-0.826224 0.562289 -0.0344369
-0.877635 0.478409 -0.0296984
-0.911251 0.410276 0.0359815
-0.956157 0.265842 -0.12285
-0.832087 0.458244 -0.312479
-0.555382 0.0462191 0.83031
-0.255245 -0.957833 0.131934
-0.466434 -0.883468 0.0438622
-0.923515 0.0786407 0.375415
-0.998444 -0.04241 0.0362056
-0.598861 0.426104 0.678086
-0.457299 -0.601834 0.654731
0.934006 -0.338996 -0.112756
0.821085 -0.509689 0.256975
0.729786 -0.581543 0.359472
0.595121 -0.793693 0.126021
0.73823 -0.662984 -0.124371
0.948348 -0.150904 0.279043
0.603385 -0.509209 0.613704
0.240257 -0.965181 0.103456
0.696095 -0.582031 -0.420348
-0.704474 0.474724 -0.527592
-0.871 0.447304 -0.203171
-0.498853 -0.805354 0.320236
-0.986823 -0.0641972 0.148522
0.408177 -0.4888 0.771016
0.433573 -0.692054 0.577127
0.686917 -0.683476 -0.246994
0.929336 -0.364433 0.0593543
0.046017 -0.947446 -0.31659
0.26698 -0.917111 -0.296021
0.650237 -0.729592 -0.211867
0.81108 -0.580965 -0.068038
0.888326 -0.45382 0.0701745
0.691307 -0.711585 -0.125462
-0.963564 -0.175895 0.201509
-0.999485 -0.00706937 0.0312983
-0.043405 -0.945304 -0.323291
0.024812 -0.99738 -0.0679455
0.105656 -0.961179 0.254895
0.116027 -0.988824 -0.0936184
0.245732 -0.932505 0.264671
0.939571 -0.324361 0.109526
0.808509 -0.586873 -0.0435185
0.897842 -0.426879 -0.10795
0.969024 -0.160552 0.187658
0.977374 -0.204768 0.0530149
0.610826 -0.78663 -0.0900282
0.712387 -0.693461 0.107779
0.18103 -0.977657 -0.106842
0.150152 -0.965313 0.213598
0.331318 -0.884148 -0.32941
0.921209 -0.38853 0.0204458
0.907066 -0.383506 0.173649
0.812024 -0.469329 0.346912
-0.201576 -0.350879 0.914468
0.0299381 0.425962 -0.904245
0.515297 -0.336262 0.788288
0.0243971 0.410236 -0.911653
0.27202 -0.576816 0.770253
-0.150457 0.88919 0.432093
-0.51892 -0.789594 0.327509
-0.291802 -0.946054 -0.14083
0.145675 0.794177 0.589967
-0.555004 -0.645113 0.525165
-0.738517 -0.660452 0.13563
0.562606 0.693399 0.450192
-0.276861 0.838851 -0.468697
-0.176501 0.263126 -0.948479
-0.742938 -0.645814 0.175976
0.138666 0.202601 0.969394
-0.559535 -0.403504 0.723951
-0.823193 -0.433749 0.366353
-0.945841 0.247016 -0.210638
0.918418 0.381945 0.103081
0.926371 0.331556 -0.178625
0.899313 0.431218 -0.0727095
0.814045 0.519563 -0.259586
-0.532887 -0.834384 -0.140837
0.905793 0.167525 0.389197
0.913112 0.401708 0.0696976
0.0628631 0.975991 -0.208541
-0.991028 0.0678679 -0.115138
-0.163666 0.946294 -0.278821
-0.0683817 0.93773 -0.340567
-0.905727 -0.402593 -0.13258
-0.938945 -0.309429 -0.150456
-0.932907 0.300437 -0.198551
-0.953216 -0.248617 -0.171956
0.787414 -0.483376 0.382526
0.883585 0.457806 0.09844
0.846427 0.532498 -0.00271535
-0.0684391 -0.417177 0.906245
-0.876978 -0.469976 0.100166
-0.914251 -0.340288 -0.219883
0.373526 -0.908128 -0.189161
-0.610793 -0.739625 -0.282643
0.0818349 -0.1147 0.990024
0.849188 0.263068 -0.457904
-0.415985 0.372815 0.829437
-0.918964 -0.345488 0.190112
-0.870035 -0.421844 0.25512
-0.882879 -0.468315 -0.0347262
-0.934079 -0.356952 0.00901119
-0.899627 -0.194668 -0.390864
-0.0556629 0.181691 -0.981779
-0.545386 -0.834373 0.0798467
-0.570987 -0.814735 -0.100902
-0.256171 -0.929634 0.264871
-0.445106 -0.859485 0.251328
-0.725521 -0.35624 -0.588823
-0.0152286 0.319017 -0.947627
0.152194 0.984057 -0.0920291
0.898074 0.423778 -0.117794
0.927865 0.17015 0.331838
0.735866 0.658429 -0.158025
-0.0201265 -0.922756 0.38486
-0.163232 -0.933323 0.319787
-0.690344 -0.543812 0.477172
0.341846 -0.334903 0.878055
0.403057 -0.291666 0.867454
0.238778 -0.468798 0.85042
0.081574 0.936937 0.339844
-0.206187 -0.925271 0.318372
-0.324244 -0.255396 0.910845
-0.174172 -0.934752 0.309683
-0.532506 -0.0789305 0.842738
0.181839 0.880371 0.438043
-0.461063 0.386757 0.798649
-0.439471 -0.805477 0.397583
-0.773137 -0.491981 0.400267
-0.167087 0.511226 0.843048
0.0326903 0.274668 0.960983
-0.741578 -0.320966 0.589104
0.124438 -0.530789 0.838319
-0.612509 -0.15068 0.775969
-0.296856 -0.909651 -0.290536
-0.211429 -0.972413 -0.0985402
0.715837 0.694042 -0.0767094
0.81685 0.537617 0.209103
0.881267 0.469162 -0.0570503
-0.0300256 0.215099 -0.97613
0.867566 0.417736 -0.269862
0.0878723 0.935564 0.342051
0.00736677 0.994873 -0.100866
0.177226 -0.468102 0.86572
-0.575073 -0.364869 0.732231
0.953919 -0.0455887 0.296581
-0.763839 -0.587374 0.267472
-0.809076 -0.569719 0.144277
-0.714674 -0.613414 0.336103
-0.0972009 -0.53821 -0.837187
-0.482649 -0.45018 -0.751257
-0.769486 -0.36819 -0.52185
-0.85928 -0.27654 -0.430307
-0.789917 -0.41237 0.453853
-0.786615 -0.531806 0.31372
-0.889702 -0.455096 -0.0363202
-0.905026 0.319842 -0.280408
-0.957187 -0.248431 -0.148577
-0.37486 -0.147429 0.915284
-0.936846 -0.293802 -0.189739
-0.37758 -0.0211112 0.925736
0.0107349 -0.840411 0.541844
0.919792 0.133469 0.36901
0.910487 0.280962 0.303438
0.826224 0.562289 -0.0344369
0.877635 0.478409 -0.0296984
0.911251 0.410276 0.0359813
0.956157 0.265842 -0.12285
0.832087 0.458244 -0.312479
0.555382 0.0462193 0.83031
0.255245 -0.957833 0.131934
0.466433 -0.883468 0.0438622
0.923514 0.0786407 0.375415
0.998444 -0.04241 0.0362059
0.598861 0.426104 0.678086
0.4573 -0.601834 0.654731
-0.934006 -0.338996 -0.112756
-0.821085 -0.50969 0.256975
-0.729786 -0.581543 0.359472
-0.595121 -0.793694 0.12602
-0.738229 -0.662986 -0.124371
-0.948347 -0.150905 0.279043
-0.603385 -0.509208 0.613705
-0.240249 -0.965183 0.103451
-0.696094 -0.582032 -0.420348
0.704474 0.474724 -0.527592
0.871 0.447304 -0.203171
0.498853 -0.805354 0.320236
0.986823 -0.0641971 0.148521
-0.408177 -0.4888 0.771016
-0.433573 -0.692054 0.577127
-0.686916 -0.683477 -0.246993
-0.929336 -0.364433 0.0593542
-0.046014 -0.947446 -0.316589
-0.266981 -0.917111 -0.296021
-0.650236 -0.729592 -0.211867
-0.81108 -0.580965 -0.0680374
-0.888326 -0.45382 0.0701747
-0.691307 -0.711585 -0.125462
0.963564 -0.175894 0.201509
0.999485 -0.00706931 0.0312983
0.0434055 -0.945304 -0.323289
-0.024812 -0.99738 -0.0679469
-0.105656 -0.961179 0.254895
-0.116028 -0.988824 -0.0936179
-0.245734 -0.932504 0.264672
-0.939571 -0.324361 0.109525
-0.808508 -0.586874 -0.0435184
-0.897842 -0.426879 -0.10795
-0.969024 -0.160551 0.187657
-0.977374 -0.204768 0.0530152
-0.610826 -0.78663 -0.0900262
-0.712386 -0.693462 0.10778
-0.181028 -0.977657 -0.106843
-0.150152 -0.965313 0.213598
-0.33132 -0.884147 -0.32941
-0.921209 -0.38853 0.0204457
-0.907067 -0.383506 0.173649
-0.812024 -0.469329 0.346911
0.201576 -0.350879 0.914468
-0.853306 0.466127 -0.233653
0.921522 -0.328684 0.206794
0.796583 -0.603307 0.0384121
-0.990068 -0.0154235 0.139738
0.158704 -0.855946 0.492107
-0.0645856 0.808724 0.584632
-0.674456 0.640153 0.367851
0.955447 -0.254356 -0.149745
0.674538 -0.73343 -0.08414
-0.892306 0.348706 -0.286696
-0.967626 -0.0117771 0.252112
-0.691907 0.50349 0.517458
-0.888135 0.262051 0.377552
-0.901783 0.144954 0.407156
0.699762 -0.668024 0.253133
0.854591 -0.517278 0.0457941
0.860215 0.47549 -0.184225
0.877467 -0.46395 -0.121662
-0.770937 -0.394461 0.500056
0.906648 -0.382056 0.178952
0.196253 -0.953365 0.229304
0.260814 -0.937162 0.231738
0.90339 -0.422257 0.074743
0.220002 -0.959886 -0.173834
0.767081 -0.641537 -0.00415434
0.835825 -0.548882 -0.0111489
-0.0671824 0.833328 0.548681
-0.275914 0.952307 -0.13032
-0.778682 -0.365974 0.509624
0.853306 0.466127 -0.233654
-0.921522 -0.328684 0.206794
-0.796582 -0.603308 0.0384132
0.990068 -0.0154238 0.139738
-0.158704 -0.855946 0.492107
0.0645856 0.808724 0.584633
0.674455 0.640153 0.367851
-0.955447 -0.254357 -0.149745
-0.674539 -0.733429 -0.0841401
0.892306 0.348706 -0.286696
0.967627 -0.0117773 0.252111
0.691907 0.503491 0.517457
0.888135 0.262051 0.377552
0.901783 0.144954 0.407156
-0.699762 -0.668025 0.253133
-0.854591 -0.517278 0.0457938
-0.860215 0.47549 -0.184225
-0.877467 -0.46395 -0.121662
0.770937 -0.394461 0.500056
-0.906648 -0.382055 0.178952
-0.196251 -0.953366 0.229299
-0.260815 -0.937162 0.231739
-0.90339 -0.422256 0.0747424
-0.220005 -0.959885 -0.173836
-0.767081 -0.641536 -0.00415374
-0.835826 -0.548881 -0.011149
0.0671829 0.833327 0.548682
0.275914 0.952307 -0.13032
0.778682 -0.365974 0.509624
-0.053769 0.987504 -0.148135
-0.0412788 0.443799 -0.895175
0.00105565 0.0876444 -0.996151
-3.42301e-009 0.437189 -0.89937
-0.694291 -0.249321 0.675129
-0.165042 0.177937 0.970103
-0.225302 -0.51528 0.826877
-0.126501 0.0850374 0.988315
-0.425137 0.856342 -0.293151
-0.0226372 0.383314 -0.923341
0.187893 0.130374 -0.973498
-0.221498 -0.109509 0.968993
-0.489973 -0.435654 0.755071
-0.264603 -0.227088 0.937238
-0.0229618 -0.671479 0.740668
0.901632 0.432499 -0.00219585
-0.0792659 0.99661 -0.0220232
-0.783447 0.417779 0.460078
0.301141 0.164733 0.939243
0.424324 -0.799662 0.42484
0.739796 -0.655569 -0.151428
0.691148 -0.658859 0.297017
0.244356 -0.959055 -0.143189
0.271647 -0.959548 0.0739958
0.424424 -0.893703 -0.145464
0.289093 -0.915581 -0.279528
-0.185583 0.72329 0.665139
-0.164916 0.964838 0.20467
-0.321946 0.773517 0.545914
0.623492 -0.52145 0.582535
0.90524 -0.393054 0.161395
0.653158 -0.418134 0.631307
0.749847 -0.659317 0.0550557
0.677389 -0.723434 0.133367
0.72219 -0.659011 0.210109
0.767064 -0.626148 0.139826
-0.70585 0.623683 0.335851
-0.706312 0.695763 0.130529
0.216968 0.954641 -0.203925
0.515785 0.736091 -0.438333
0.255757 0.452822 -0.854131
-0.184345 0.91451 -0.360122
0.553337 0.0953615 -0.827481
0.0921902 0.211528 -0.973014
-0.507882 0.361827 -0.781753
0.917755 -0.390411 0.0728309
0.817301 -0.576211 0.000187311
0.0375462 -0.957561 0.285776
0.817073 -0.519384 0.250265
0.0867866 0.143775 0.985798
-0.235123 -0.195332 0.952136
-0.310986 0.273397 0.910242
0.116855 -0.502211 0.856813
0.523856 -0.229263 0.820374
0.902386 -0.207798 0.377518
0.623961 -0.400617 0.670954
0.804403 -0.496853 0.325688
0.916296 -0.397021 0.0526866
0.822418 -0.410802 0.393535
0.847102 -0.421689 0.323414
0.933995 0.34274 -0.100906
0.855247 -0.449925 0.257138
0.913983 -0.0503207 -0.402619
-0.889844 0.454827 -0.0361819
-0.840233 0.539675 0.0525324
-0.82679 -0.0980713 0.553895
-0.940906 0.19888 0.274122
-0.955252 0.26394 -0.133529
-0.910661 0.360736 -0.201408
-0.908422 0.401361 -0.116956
-0.930805 0.339747 -0.134815
-0.850675 0.498107 -0.168051
-0.892801 0.448096 -0.0460096
-0.931117 0.364208 0.0193068
-0.901214 0.386134 -0.196758
-0.865906 0.478109 -0.147029
-0.824083 0.541331 -0.166879
-0.445552 0.410025 -0.795841
-0.839581 0.517472 -0.165304
0.438797 -0.898507 -0.0119766
0.219603 -0.972985 -0.0712433
0.608149 -0.757733 -0.236635
0.786456 -0.587857 -0.189502
-0.884676 0.388491 0.257725
-0.827902 -0.307273 0.469215
-0.865472 0.242908 0.438125
-0.941901 0.294511 0.161513
-0.952104 0.259145 0.162301
-0.647279 0.757303 -0.086735
-0.842963 0.537972 -0.000746111
0.324989 0.915257 -0.238091
0.0249258 0.951004 -0.308172
0.983366 -0.0983238 -0.15272
0.970611 0.220637 -0.0960927
0.986093 -0.158231 -0.0508379
-0.0822676 0.97036 -0.227231
0.103631 0.938121 -0.330437
0.385625 0.86874 -0.310779
0.35314 0.859349 -0.369879
-0.253053 0.932065 -0.259265
0.846384 -0.514073 -0.139154
0.890392 -0.442175 -0.108088
0.931732 -0.341508 -0.123481
0.908309 -0.374724 -0.185893
0.931985 -0.336648 -0.134431
0.918354 -0.377249 -0.119623
0.946321 -0.275084 -0.169724
0.934013 -0.299637 -0.194519
0.928493 0.275785 -0.248683
0.923287 -0.383942 0.0113749
0.980126 -0.137601 -0.142893
0.913683 -0.363533 -0.181732
0.920084 -0.375991 -0.109889
-0.963449 -0.0712483 0.258244
-0.539301 -0.684703 0.490242
-0.887371 -0.379709 0.261522
-0.888084 0.459646 0.00570808
-0.86577 0.500382 0.00782099
-0.899766 0.373002 0.226475
-0.851611 0.521359 0.0542544
-0.881189 0.472731 0.00565733
-0.843608 0.53656 -0.0207366
-0.0306428 -0.752883 0.657441
0.80241 -0.462259 0.377431
-0.673375 -0.113628 0.730517
0.468644 -0.796622 0.381794
0.819503 -0.568629 0.0712441
0.920529 -0.307476 -0.241009
0.813752 -0.518082 -0.263439
-0.383385 -0.919616 -0.0855737
0.442911 -0.851829 -0.279674
-0.363824 -0.925722 -0.103303
-0.982634 -0.158239 0.0969067
0.641917 -0.741276 -0.196093
-0.125609 -0.255374 0.958648
-0.346193 -0.0825222 0.934527
-0.0727764 -0.362466 0.929151
0.117481 -0.212517 0.970069
-0.933392 0.0948804 -0.346089
-0.779232 0.334322 -0.530119
-0.84784 0.39883 -0.349431
-0.849237 0.37443 -0.372289
-0.100545 0.485514 0.868428
0.435917 0.32453 0.839438
0.951618 -0.00695887 0.307206
0.436753 0.171868 0.883011
0.945494 -0.238861 0.221331
0.939962 -0.320782 0.116492
0.913736 -0.352885 0.201393
0.869436 -0.378552 0.317457
0.901122 -0.379062 0.210456
0.895725 -0.372207 0.243186
0.896484 -0.399326 0.191977
0.870562 -0.475132 0.127949
0.922145 -0.383771 -0.0486672
0.893343 -0.423013 0.15165
0.938389 -0.338488 -0.0696518
0.91866 -0.382941 0.0970577
0.899584 -0.390285 0.196027
0.896955 -0.260354 -0.357333
0.510511 -0.0456334 -0.85866
0.020024 0.179929 -0.983476
0.36717 -0.909532 0.194777
0.606158 -0.794899 0.0266232
0.706257 -0.707909 -0.00810313
0.44035 -0.87367 0.206863
0.639939 -0.764605 -0.0765341
0.617501 -0.750707 -0.234802
0.520963 -0.843659 0.129757
0.249719 -0.90728 0.338354
0.193514 -0.953503 0.231049
0.230435 -0.964376 0.129914
0.227083 -0.936524 0.267126
0.332882 -0.91086 0.243975
0.596811 -0.755685 0.269733
0.326308 0.0994507 -0.940018
0.767996 -0.404192 -0.4968
0.776579 -0.614405 -0.139394
0.617924 -0.309333 -0.72283
-0.544639 0.641947 -0.539696
0.0247912 0.263456 -0.964353
-0.254563 0.958781 -0.12624
-0.0672231 0.993111 -0.0959767
-0.163311 0.983512 -0.0776717
-0.875058 0.483959 0.00757011
-0.836509 0.543061 -0.0730543
-0.92635 0.357524 -0.118547
-0.935275 -0.0138781 0.35365
-0.373191 -0.352279 0.858271
-0.824873 0.367795 0.429314
-0.747214 0.485334 -0.454006
-0.652971 0.637383 -0.409111
-0.576988 0.814342 0.0627035
-0.279358 -0.532063 0.799293
0.144347 -0.902171 0.406512
0.319566 -0.932126 -0.170348
0.0895445 -0.935943 0.340576
-0.302664 -0.506615 0.807301
0.161732 -0.938905 0.303808
0.398904 -0.886523 -0.234421
0.293178 -0.881801 0.369423
0.0556856 -0.496329 0.866347
0.718512 -0.459648 0.521982
0.913797 -0.406168 -0.00158933
0.748911 -0.432585 0.501999
-0.324398 0.0454948 0.944826
-0.042872 -0.321779 0.945844
0.184364 -0.243115 0.952316
-0.337028 0.113744 0.934599
0.0696233 -0.182864 0.98067
0.0851804 0.0132585 0.996277
-0.449312 -0.480931 0.752877
-0.156857 0.145641 0.976824
-0.0970442 -0.130356 0.986706
-1.06417e-008 0.92273 0.385447
0.125459 0.214449 0.968644
-0.0484353 0.910109 0.411529
-0.0407792 0.997274 -0.061487
0.377596 -0.491481 0.784772
4.07305e-007 -0.968693 0.248264
-0.0262968 -0.974568 -0.222543
-1.68079e-006 -0.233538 0.972348
0.419091 -0.371229 0.828584
-0.0379424 -0.971119 -0.23556
0.465185 0.325493 0.823199
0.42408 0.653864 0.626593
-0.207217 0.976399 -0.060873
-0.231498 0.895014 0.381258
0.41962 -0.032624 0.907113
0.284679 -0.940784 -0.184075
0.383024 0.247861 0.889864
0.677037 -0.72619 -0.119457
0.0735883 0.687399 0.722542
-0.184822 0.449603 0.873898
0.222406 0.0666313 0.972675
0.847258 -0.529005 0.0480302
-0.311888 -0.547936 0.776204
0.879859 -0.415489 0.230689
0.158903 -0.93026 -0.330706
0.220634 -0.938615 -0.265184
0.178495 -0.94575 -0.271471
0.195698 -0.97507 -0.104599
0.117126 -0.989014 -0.0901851
-0.508622 0.855987 -0.0926825
-0.702965 0.705222 -0.0922089
-0.862605 0.498925 0.0835829
-0.469483 0.480853 -0.740517
0.397885 -0.0203277 -0.91721
-0.957209 0.192965 -0.215676
-0.801638 0.544405 -0.246981
-0.099668 0.897239 0.430149
-0.0244373 0.995253 0.0941999
-1.137e-007 0.995729 -0.092328
-0.0263235 -0.513974 0.857402
-0.193737 -0.427375 0.883072
0.463902 -0.399131 0.790878
-0.966639 -0.0231146 0.255098
0.83207 -0.548922 -0.0796509
0.773832 -0.577938 0.259175
0.715451 -0.651905 0.251296
0.876738 -0.459475 0.142173
0.819056 -0.569165 0.0720997
0.844849 -0.404709 0.349917
0.662024 -0.549925 0.509221
0.511466 -0.819126 0.259681
0.750143 -0.659387 0.0499523
1.77933e-009 -0.460435 -0.887693
0.277222 -0.571746 -0.772175
0.131094 -0.897018 -0.422106
0.58354 -0.720753 -0.37416
0.798371 -0.297268 -0.523675
0.753809 -0.442643 0.485633
0.821464 -0.399398 0.407036
0.832434 -0.545994 0.0945727
0.917217 -0.386461 -0.0967545
0.886739 0.387924 -0.251412
0.942376 -0.332695 -0.035231
0.915558 -0.220549 0.336321
0.949625 -0.225352 -0.217781
0.223166 -0.600256 0.768043
-0.00627682 -0.0876429 0.996132
0.963318 -0.223543 0.148481
0.943497 -0.282534 -0.173172
-0.280637 -0.0109321 0.959752
0.25673 -0.142875 0.955864
-0.406119 -0.705008 0.581404
-0.905914 -0.0799265 0.41585
-0.858397 0.147841 0.491221
-0.958144 0.282419 -0.0468928
-0.937256 0.305447 -0.168089
-0.946265 0.294857 -0.132824
-0.854657 0.452416 -0.254719
-0.763449 0.450694 -0.462625
-0.855766 0.399903 -0.328242
-0.827491 0.486717 -0.27994
-0.619418 0.271909 0.73647
-0.651851 -0.186445 0.73507
-0.46389 -0.868488 0.174741
0.0680135 -0.99741 0.023416
-0.412663 -0.889381 0.196748
-0.957838 -0.276401 0.0784081
-0.982775 -0.161656 0.0895543
-0.760876 0.359661 0.540104
-0.998807 0.0398774 0.0281715
-0.997112 0.0233576 0.0722686
-0.999617 0.0244784 0.0128875
-0.892127 0.225585 0.391435
-0.336941 -0.468586 0.816638
-0.459587 -0.648574 0.606738
0.781044 -0.534113 0.323563
0.940215 -0.215435 0.263787
0.884182 -0.461373 0.0731953
0.772429 -0.597394 0.215576
0.662121 -0.682526 0.30944
0.661155 -0.545943 0.514607
0.60324 -0.797255 -0.0220552
0.409929 -0.906162 0.104067
0.731212 -0.669363 -0.131465
0.704518 -0.605092 -0.370834
0.780024 -0.337932 0.526654
0.964491 -0.250913 -0.082462
0.446591 -0.762907 0.467472
0.33974 -0.909253 -0.240489
0.237617 -0.917048 0.320252
-0.944188 -0.236695 0.229095
-0.712492 -0.495851 0.496475
-0.980481 -0.0906337 0.174478
0.401123 -0.513909 0.758286
0.751458 -0.401404 0.523628
0.065943 -0.589609 0.804992
0.562474 -0.623488 0.543033
0.666871 -0.716479 -0.204795
0.502415 -0.805772 -0.313546
0.890421 -0.450036 0.0679589
0.888036 -0.459745 -0.00511165
0.909602 -0.412671 0.0482481
0.160351 -0.948223 -0.274156
0.169477 -0.912486 -0.372353
0.272732 -0.918614 -0.285945
0.661662 -0.722473 -0.200592
0.792402 -0.580045 -0.188802
0.862353 -0.500292 -0.0778168
0.783226 -0.618034 -0.0677523
0.898078 -0.439424 0.0190347
0.951329 -0.288201 0.109152
0.754237 -0.643216 -0.131906
-0.99311 -0.0653413 0.0972778
-0.897807 -0.315298 0.307457
-0.997756 -0.0169844 0.0647721
6.62232e-009 -0.948954 -0.315414
-0.0170352 -0.960703 -0.277054
-6.5793e-009 -0.998801 -0.0489622
0.0770341 -0.982033 0.17227
-6.26264e-009 -0.967709 0.252069
0.11346 -0.971546 0.207907
0.189873 -0.977732 0.0893726
-1.21594e-009 -0.993478 -0.114025
0.392324 -0.919411 0.0276712
0.219502 -0.932954 0.285334
0.959894 -0.253451 0.11986
0.791418 -0.611169 0.0114313
0.861772 -0.495495 -0.108784
0.982245 -0.167235 0.0850102
0.961692 -0.273286 -0.0215141
0.961387 -0.261547 0.0856008
0.725824 -0.687512 -0.0225192
0.764443 -0.637828 0.0938236
0.686267 -0.699234 0.200276
0.187485 -0.971769 -0.143228
0.166882 -0.980584 0.102978
0.158536 -0.952992 0.258211
0.188897 -0.958046 0.215559
0.237991 -0.921471 -0.307004
0.901725 -0.424555 0.0815136
0.930379 -0.360358 0.067353
0.920147 -0.346428 0.182531
-0.340186 -0.145999 0.928955
-0.00105557 0.0876443 -0.996151
0.0412789 0.443799 -0.895175
0.0537695 0.987504 -0.148134
0.126502 0.0850389 0.988314
0.225303 -0.51528 0.826876
0.165041 0.177939 0.970103
0.694291 -0.24932 0.67513
-0.187893 0.130374 -0.973498
0.0226365 0.383314 -0.923341
0.425136 0.856342 -0.293151
0.022963 -0.671479 0.740668
0.264604 -0.227088 0.937239
0.489972 -0.435655 0.755071
0.221498 -0.109509 0.968993
-0.301141 0.164733 0.939243
0.783447 0.417779 0.460077
0.0792662 0.99661 -0.0220232
-0.901632 0.432498 -0.00219553
-0.691147 -0.65886 0.297018
-0.739796 -0.655569 -0.151428
-0.424324 -0.799661 0.424843
-0.289093 -0.915581 -0.279528
-0.424422 -0.893704 -0.145465
-0.271649 -0.959548 0.0739958
-0.244356 -0.959055 -0.14319
0.321946 0.773516 0.545915
0.164914 0.964839 0.20467
0.185582 0.72329 0.665139
-0.653159 -0.418134 0.631306
-0.90524 -0.393054 0.161396
-0.623493 -0.521451 0.582534
-0.767064 -0.626148 0.139825
-0.722189 -0.659012 0.21011
-0.67739 -0.723434 0.133365
-0.749847 -0.659316 0.0550563
0.706312 0.695762 0.130528
0.70585 0.623683 0.335851
0.184345 0.91451 -0.360122
-0.255756 0.452822 -0.854132
-0.515786 0.736091 -0.438333
-0.216968 0.954641 -0.203925
0.507882 0.361827 -0.781753
-0.0921903 0.211528 -0.973014
-0.553336 0.0953617 -0.827481
-0.817073 -0.519383 0.250264
-0.037546 -0.957561 0.285776
-0.8173 -0.576212 0.000186891
-0.917755 -0.390411 0.0728306
0.310986 0.273397 0.910242
0.235123 -0.195332 0.952136
-0.0867865 0.143774 0.985798
-0.623962 -0.400617 0.670953
-0.902386 -0.207798 0.377519
-0.523857 -0.229263 0.820373
-0.116856 -0.502211 0.856813
-0.847102 -0.421689 0.323414
-0.822418 -0.410802 0.393535
-0.916296 -0.397021 0.0526867
-0.804403 -0.496853 0.325689
-0.913984 -0.0503211 -0.402618
-0.855246 -0.449926 0.257139
-0.933996 0.342739 -0.100906
0.940906 0.19888 0.274121
0.826791 -0.0980712 0.553895
0.840233 0.539675 0.052532
0.889845 0.454827 -0.0361821
0.930805 0.339747 -0.134815
0.908422 0.401362 -0.116956
0.910662 0.360736 -0.201408
0.955252 0.26394 -0.133529
0.901214 0.386134 -0.196758
0.931117 0.364208 0.0193069
0.892801 0.448095 -0.0460094
0.850675 0.498107 -0.168051
0.839581 0.517473 -0.165304
0.445552 0.410026 -0.795841
0.824083 0.541331 -0.166879
0.865906 0.47811 -0.14703
-0.786455 -0.587858 -0.189502
-0.608145 -0.757736 -0.236635
-0.219603 -0.972984 -0.0712439
-0.438796 -0.898507 -0.0119766
0.865472 0.242908 0.438125
0.827901 -0.307274 0.469214
0.884677 0.388491 0.257725
0.842962 0.537972 -0.000746159
0.647279 0.757303 -0.0867349
0.952104 0.259145 0.1623
0.941901 0.294511 0.161514
-0.0249261 0.951004 -0.308172
-0.324989 0.915257 -0.238091
-0.986093 -0.15823 -0.050838
-0.970611 0.220637 -0.0960929
-0.983366 -0.0983232 -0.152721
-0.385625 0.86874 -0.310779
-0.103631 0.938121 -0.330437
0.0822671 0.97036 -0.227231
0.253053 0.932065 -0.259265
-0.35314 0.859349 -0.369879
-0.908309 -0.374724 -0.185894
-0.931732 -0.341508 -0.123481
-0.890393 -0.442175 -0.108088
-0.846384 -0.514072 -0.139154
-0.934013 -0.299638 -0.194519
-0.946321 -0.275084 -0.169724
-0.918354 -0.377249 -0.119623
-0.931985 -0.336648 -0.134431
-0.923287 -0.383943 0.0113755
-0.928494 0.275783 -0.248683
-0.920084 -0.375991 -0.109889
-0.913683 -0.363533 -0.181732
-0.980126 -0.137601 -0.142893
0.887371 -0.379709 0.261522
0.5393 -0.684703 0.490242
0.963449 -0.0712487 0.258243
0.899766 0.373002 0.226476
0.86577 0.500381 0.00782096
0.888084 0.459646 0.00570816
0.843607 0.53656 -0.0207367
0.881189 0.472731 0.00565736
0.851611 0.521359 0.0542543
0.673375 -0.113628 0.730517
-0.802411 -0.462258 0.377431
0.0306427 -0.752883 0.657441
-0.819504 -0.568628 0.0712436
-0.468644 -0.796622 0.381794
-0.813752 -0.518082 -0.263439
-0.920529 -0.307475 -0.24101
0.982634 -0.158238 0.0969054
0.363822 -0.925723 -0.103303
-0.442912 -0.851828 -0.279673
0.383388 -0.919615 -0.085573
-0.641917 -0.741276 -0.196092
-0.117481 -0.212517 0.97007
0.072777 -0.362466 0.929151
0.346193 -0.0825226 0.934527
0.125609 -0.255374 0.958648
0.849237 0.374431 -0.372289
0.84784 0.398831 -0.34943
0.779232 0.334322 -0.530119
0.933392 0.0948801 -0.346089
-0.436753 0.171868 0.883011
-0.951617 -0.00695921 0.307207
-0.435917 0.32453 0.839438
0.100545 0.485514 0.868428
-0.869436 -0.378552 0.317456
-0.913736 -0.352885 0.201392
-0.939962 -0.320782 0.116492
-0.945494 -0.23886 0.221331
-0.870562 -0.475133 0.127949
-0.896484 -0.399326 0.191977
-0.895724 -0.372207 0.243186
-0.901122 -0.379062 0.210456
-0.922145 -0.38377 -0.0486677
-0.91866 -0.382941 0.0970584
-0.938389 -0.338487 -0.0696523
-0.893343 -0.423013 0.15165
-0.896955 -0.260354 -0.357333
-0.899584 -0.390285 0.196026
-0.0200247 0.179928 -0.983476
-0.510511 -0.0456334 -0.858659
-0.440351 -0.873669 0.206864
-0.706256 -0.70791 -0.00810115
-0.606156 -0.7949 0.0266231
-0.36717 -0.909532 0.194774
-0.520964 -0.843659 0.129755
-0.6175 -0.750708 -0.234801
-0.63994 -0.764604 -0.0765351
-0.227082 -0.936523 0.26713
-0.23043 -0.964378 0.129913
-0.193514 -0.953503 0.231049
-0.249724 -0.907278 0.338355
-0.596809 -0.755687 0.269733
-0.332884 -0.910859 0.243976
-0.617925 -0.309333 -0.722829
-0.776579 -0.614406 -0.139395
-0.767996 -0.404192 -0.496801
-0.326308 0.0994499 -0.940017
-0.0247907 0.263456 -0.964353
0.544638 0.641948 -0.539696
0.16331 0.983513 -0.0776709
0.0672233 0.993111 -0.0959767
0.254562 0.958781 -0.12624
0.92635 0.357523 -0.118547
0.836509 0.543062 -0.0730543
0.875058 0.483958 0.00757005
0.747214 0.485335 -0.454006
0.824873 0.367795 0.429314
0.37319 -0.352278 0.858271
0.935275 -0.0138781 0.35365
0.576988 0.814342 0.0627036
0.652971 0.637383 -0.409111
-0.0895501 -0.935942 0.340577
-0.319562 -0.932127 -0.170351
-0.144344 -0.902174 0.406506
0.279356 -0.532061 0.799294
-0.293177 -0.8818 0.369428
-0.398909 -0.886521 -0.23442
-0.161732 -0.938905 0.303808
0.302658 -0.506615 0.807304
-0.748912 -0.432584 0.501998
-0.913797 -0.406167 -0.0015895
-0.718511 -0.459648 0.521982
-0.0556852 -0.49633 0.866346
-0.184364 -0.243116 0.952315
0.0428744 -0.321778 0.945844
0.324398 0.0454961 0.944826
-0.0851797 0.0132558 0.996277
-0.0696232 -0.182863 0.98067
0.33703 0.113742 0.934598
0.097045 -0.130356 0.986706
0.156857 0.145641 0.976824
0.449311 -0.48093 0.752878
0.0407792 0.997274 -0.061487
0.0484345 0.910109 0.41153
-0.125458 0.21445 0.968644
0.0262906 -0.974568 -0.222543
-0.377595 -0.491478 0.784774
0.0379484 -0.971119 -0.23556
-0.419089 -0.37123 0.828585
-0.465185 0.325494 0.823199
0.231502 0.895013 0.381258
0.207217 0.976399 -0.0608729
-0.42408 0.653863 0.626593
-0.419619 -0.0326263 0.907114
-0.28468 -0.940783 -0.184076
-0.677035 -0.726191 -0.119459
-0.383025 0.247861 0.889864
-0.0735868 0.687398 0.722544
-0.222406 0.0666312 0.972675
0.184822 0.449603 0.873898
-0.847258 -0.529006 0.0480311
0.311888 -0.547936 0.776204
-0.879859 -0.415489 0.230689
-0.178495 -0.94575 -0.271471
-0.22064 -0.938613 -0.265184
-0.158903 -0.930262 -0.330701
-0.117126 -0.989013 -0.0901913
-0.195698 -0.97507 -0.104599
0.702965 0.705222 -0.0922082
0.508623 0.855986 -0.0926829
0.862605 0.498926 0.0835819
0.469483 0.480852 -0.740518
-0.397885 -0.0203277 -0.91721
0.801638 0.544405 -0.246981
0.957209 0.192965 -0.215676
0.0996652 0.89724 0.430149
0.0244373 0.995253 0.0941999
0.193738 -0.427375 0.883072
0.0263235 -0.513974 0.857402
-0.463902 -0.399131 0.790879
0.966639 -0.0231141 0.255098
-0.715451 -0.651904 0.251297
-0.773832 -0.577938 0.259176
-0.83207 -0.548921 -0.0796515
-0.819057 -0.569164 0.0721002
-0.876738 -0.459474 0.142174
-0.750145 -0.659385 0.0499495
-0.511465 -0.819127 0.259681
-0.662025 -0.549927 0.509219
-0.844849 -0.40471 0.349916
-0.131094 -0.897018 -0.422106
-0.277222 -0.571745 -0.772176
-0.58354 -0.720753 -0.374159
-0.798371 -0.297268 -0.523676
-0.821463 -0.399398 0.407037
-0.753809 -0.442642 0.485634
-0.832434 -0.545995 0.0945724
-0.917217 -0.386461 -0.0967545
-0.88674 0.387923 -0.251412
-0.949625 -0.225351 -0.217782
-0.915558 -0.220549 0.33632
-0.942376 -0.332695 -0.0352313
0.00627683 -0.0876428 0.996132
-0.223165 -0.600256 0.768043
-0.943497 -0.282534 -0.173171
-0.963319 -0.223541 0.148481
-0.256729 -0.142875 0.955864
0.280637 -0.0109319 0.959752
0.406119 -0.705008 0.581404
0.905914 -0.0799269 0.41585
0.858397 0.147842 0.49122
0.958144 0.282419 -0.0468933
0.946265 0.294857 -0.132823
0.937256 0.305447 -0.16809
0.827491 0.486716 -0.27994
0.855766 0.399903 -0.328242
0.763448 0.450693 -0.462625
0.854656 0.452417 -0.254719
0.651852 -0.186444 0.73507
0.619418 0.271909 0.736469
-0.0680154 -0.997409 0.0234157
0.46389 -0.868488 0.174741
0.957838 -0.276401 0.0784085
0.412663 -0.889381 0.196748
0.998807 0.0398763 0.0281711
0.760874 0.359661 0.540106
0.982775 -0.161656 0.0895543
0.999617 0.0244783 0.012888
0.997112 0.0233577 0.0722684
0.892126 0.225587 0.391436
0.459587 -0.648574 0.606738
0.336941 -0.468586 0.816638
-0.884181 -0.461375 0.0731967
-0.940215 -0.215434 0.263786
-0.781044 -0.534115 0.323562
-0.661154 -0.545942 0.514609
-0.662121 -0.682527 0.309439
-0.772429 -0.597395 0.215577
-0.409926 -0.906163 0.104063
-0.603238 -0.797256 -0.0220554
-0.704517 -0.605094 -0.370832
-0.73121 -0.669365 -0.131465
-0.96449 -0.250914 -0.0824634
-0.780025 -0.337931 0.526654
-0.446592 -0.762908 0.467469
-0.339738 -0.909253 -0.240495
0.712492 -0.49585 0.496476
0.944187 -0.236697 0.229095
-0.237616 -0.917048 0.320253
0.980481 -0.0906336 0.174478
-0.751457 -0.401404 0.523629
-0.401122 -0.513909 0.758287
-0.562474 -0.623488 0.543034
-0.0659437 -0.58961 0.804992
-0.502416 -0.805771 -0.313546
-0.666871 -0.716479 -0.204795
-0.909602 -0.41267 0.0482475
-0.888036 -0.459745 -0.00511095
-0.890421 -0.450036 0.0679589
-0.169477 -0.912486 -0.372353
-0.160345 -0.948224 -0.274156
-0.272732 -0.918614 -0.285945
-0.792402 -0.580045 -0.188802
-0.661661 -0.722473 -0.200592
-0.783226 -0.618034 -0.0677523
-0.862353 -0.500292 -0.077816
-0.951328 -0.288201 0.109152
-0.898078 -0.439424 0.019034
-0.754237 -0.643217 -0.131904
0.897807 -0.315298 0.307457
0.99311 -0.0653406 0.0972777
0.997756 -0.0169854 0.064771
0.0170434 -0.960703 -0.277054
-0.0770417 -0.982032 0.17227
-0.113456 -0.971547 0.207906
-0.189877 -0.977732 0.089374
-0.219501 -0.932957 0.285325
-0.392323 -0.919411 0.0276798
-0.959894 -0.253451 0.11986
-0.861771 -0.495496 -0.108784
-0.791417 -0.611169 0.0114309
-0.982245 -0.167234 0.0850098
-0.961388 -0.261546 0.0856011
-0.961692 -0.273287 -0.0215131
-0.725824 -0.687512 -0.0225193
-0.686265 -0.699235 0.200276
-0.764443 -0.637828 0.0938232
-0.166882 -0.980585 0.102978
-0.187486 -0.971768 -0.143231
-0.188897 -0.958046 0.215559
-0.158536 -0.952992 0.258211
-0.237997 -0.921469 -0.307004
-0.930379 -0.360359 0.0673527
-0.901725 -0.424555 0.0815126
-0.920147 -0.346428 0.18253
0.340186 -0.146 0.928955
-1.41885e-008 0.778063 0.628187
0.867973 -0.493309 -0.0571699
0.873228 -0.48721 0.00995424
0.791361 -0.611329 -0.00500863
-0.867973 -0.493309 -0.0571699
-0.873229 -0.487208 0.0099537
-0.791361 -0.611328 -0.00500919
-0.249983 0.934526 -0.253316
-0.053769 0.987504 -0.148135
-0.249983 0.934526 -0.253316
-5.39694e-007 0.999574 0.0291822
-0.053769 0.987504 -0.148135
-5.39694e-007 0.999574 0.0291822
-0.507099 0.736471 -0.447728
-0.425137 0.856342 -0.293151
-0.507099 0.736471 -0.447728
-0.249983 0.934526 -0.253316
-0.425137 0.856342 -0.293151
-0.249983 0.934526 -0.253316
-0.363446 0.548998 -0.752667
0.255757 0.452822 -0.854131
-0.363446 0.548998 -0.752667
0.548208 0.309899 -0.776808
0.255757 0.452822 -0.854131
0.548208 0.309899 -0.776808
0.430861 0.87618 -0.216029
0.515785 0.736091 -0.438333
0.430861 0.87618 -0.216029
0.548208 0.309899 -0.776808
0.515785 0.736091 -0.438333
0.548208 0.309899 -0.776808
-0.958953 0.263758 0.104121
-0.958953 0.263758 0.104121
-0.956533 0.190039 0.221201
-0.956533 0.190039 0.221201
-0.584991 0.386548 -0.712998
-0.584991 0.386548 -0.712998
0.697034 0.710992 -0.0929253
0.901632 0.432499 -0.00219585
0.697034 0.710992 -0.0929253
0.980423 -0.0132796 0.196453
0.901632 0.432499 -0.00219585
0.980423 -0.0132796 0.196453
0.355315 0.86455 -0.355395
0.385625 0.86874 -0.310779
0.355315 0.86455 -0.355395
0.430861 0.87618 -0.216029
0.385625 0.86874 -0.310779
0.430861 0.87618 -0.216029
-0.865422 0.125845 0.484983
-0.827902 -0.307273 0.469215
-0.865422 0.125845 0.484983
-0.838356 -0.299047 0.455774
-0.827902 -0.307273 0.469215
-0.838356 -0.299047 0.455774
0.980423 -0.0132796 0.196453
0.301141 0.164733 0.939243
0.980423 -0.0132796 0.196453
-0.605109 0.145779 0.782683
0.301141 0.164733 0.939243
-0.605109 0.145779 0.782683
0.980423 -0.0132796 0.196453
0.980423 -0.0132796 0.196453
0.548208 0.309899 -0.776808
0.548208 0.309899 -0.776808
-0.437927 0.424042 -0.792722
-0.445552 0.410025 -0.795841
-0.437927 0.424042 -0.792722
-0.445552 0.410025 -0.795841
-0.958953 0.263758 0.104121
-0.958953 0.263758 0.104121
-0.332296 -0.210514 0.919382
-0.332296 -0.210514 0.919382
-0.84727 0.50942 0.150416
-0.84727 0.50942 0.150416
-0.16516 0.112676 0.979809
-0.16516 0.112676 0.979809
0.125459 0.214449 0.968644
1.06973e-007 0.255271 0.966869
0.125459 0.214449 0.968644
1.06973e-007 0.255271 0.966869
0.00388183 0.166245 0.986077
-0.337028 0.113744 0.934599
0.00388183 0.166245 0.986077
0.021955 0.302928 0.952761
-0.337028 0.113744 0.934599
0.021955 0.302928 0.952761
-0.520307 0.829351 0.203611
-0.520307 0.829351 0.203611
0.42408 0.653864 0.626593
0.42408 0.653864 0.626593
-0.84727 0.50942 0.150416
-0.84727 0.50942 0.150416
-0.520307 0.829351 0.203611
-0.520307 0.829351 0.203611
-0.511675 0.539091 -0.669007
-0.544639 0.641947 -0.539696
-0.511675 0.539091 -0.669007
-0.507099 0.736471 -0.447728
-0.544639 0.641947 -0.539696
-0.507099 0.736471 -0.447728
-0.511675 0.539091 -0.669007
-0.511675 0.539091 -0.669007
-0.469483 0.480853 -0.740517
-0.437927 0.424042 -0.792722
-0.469483 0.480853 -0.740517
-0.437927 0.424042 -0.792722
-0.956533 0.190039 0.221201
-0.956533 0.190039 0.221201
0.221319 0.264174 0.938738
0.465185 0.325493 0.823199
0.221319 0.264174 0.938738
0.00388183 0.166245 0.986077
0.465185 0.325493 0.823199
0.00388183 0.166245 0.986077
-0.38744 -0.286605 0.876212
-0.373191 -0.352279 0.858271
-0.38744 -0.286605 0.876212
-0.373191 -0.352279 0.858271
-0.355257 -0.280324 0.891746
-0.346193 -0.0825222 0.934527
-0.355257 -0.280324 0.891746
-0.332296 -0.210514 0.919382
-0.346193 -0.0825222 0.934527
-0.332296 -0.210514 0.919382
0.355315 0.86455 -0.355395
0.35314 0.859349 -0.369879
0.355315 0.86455 -0.355395
0.322334 0.885508 -0.334629
0.35314 0.859349 -0.369879
0.322334 0.885508 -0.334629
-0.775525 0.62031 0.117376
-0.952104 0.259145 0.162301
-0.783447 0.417779 0.460078
-0.775525 0.62031 0.117376
-0.941871 0.166156 0.292011
-0.952104 0.259145 0.162301
-0.941871 0.166156 0.292011
-0.605109 0.145779 0.782683
-0.783447 0.417779 0.460078
-0.605109 0.145779 0.782683
-0.507882 0.361827 -0.781753
-0.584991 0.386548 -0.712998
-0.507882 0.361827 -0.781753
-0.584991 0.386548 -0.712998
-0.865422 0.125845 0.484983
-0.858397 0.147841 0.491221
-0.865422 0.125845 0.484983
-0.941871 0.166156 0.292011
-0.858397 0.147841 0.491221
-0.941871 0.166156 0.292011
-0.760876 0.359661 0.540104
-0.865422 0.125845 0.484983
-0.865422 0.125845 0.484983
-0.981424 0.114702 0.153786
-0.760876 0.359661 0.540104
-0.981424 0.114702 0.153786
-0.838356 -0.299047 0.455774
-0.82679 -0.0980713 0.553895
-0.838356 -0.299047 0.455774
-0.789831 0.323086 0.521327
-0.82679 -0.0980713 0.553895
-0.789831 0.323086 0.521327
-0.38744 -0.286605 0.876212
-0.38744 -0.286605 0.876212
-0.789831 0.323086 0.521327
-0.789831 0.323086 0.521327
0.249983 0.934526 -0.253316
0.0537695 0.987504 -0.148134
0.249983 0.934526 -0.253316
-5.39694e-007 0.999574 0.0291822
0.0537695 0.987504 -0.148134
-5.39694e-007 0.999574 0.0291822
0.249983 0.934526 -0.253316
0.425136 0.856342 -0.293151
0.249983 0.934526 -0.253316
0.507099 0.736471 -0.447729
0.425136 0.856342 -0.293151
0.507099 0.736471 -0.447729
0.363446 0.548998 -0.752667
-0.255756 0.452822 -0.854132
0.363446 0.548998 -0.752667
-0.548208 0.309899 -0.776808
-0.255756 0.452822 -0.854132
-0.548208 0.309899 -0.776808
-0.430861 0.876179 -0.216029
-0.515786 0.736091 -0.438333
-0.430861 0.876179 -0.216029
-0.548208 0.309899 -0.776808
-0.515786 0.736091 -0.438333
-0.548208 0.309899 -0.776808
0.958953 0.263758 0.104121
0.958953 0.263758 0.104121
0.956533 0.190039 0.221201
0.956533 0.190039 0.221201
0.584991 0.386548 -0.712998
0.584991 0.386548 -0.712998
-0.980423 -0.013279 0.196452
-0.901632 0.432498 -0.00219553
-0.980423 -0.013279 0.196452
-0.697034 0.710992 -0.0929253
-0.901632 0.432498 -0.00219553
-0.697034 0.710992 -0.0929253
-0.355315 0.86455 -0.355395
-0.385625 0.86874 -0.310779
-0.355315 0.86455 -0.355395
-0.430861 0.876179 -0.216029
-0.385625 0.86874 -0.310779
-0.430861 0.876179 -0.216029
0.838356 -0.299047 0.455774
0.827901 -0.307274 0.469214
0.838356 -0.299047 0.455774
0.865422 0.125845 0.484982
0.827901 -0.307274 0.469214
0.865422 0.125845 0.484982
0.605108 0.145779 0.782683
-0.301141 0.164733 0.939243
0.605108 0.145779 0.782683
-0.980423 -0.013279 0.196452
-0.301141 0.164733 0.939243
-0.980423 -0.013279 0.196452
-0.980423 -0.013279 0.196452
-0.980423 -0.013279 0.196452
-0.548208 0.309899 -0.776808
-0.548208 0.309899 -0.776808
0.437927 0.424042 -0.792722
0.445552 0.410026 -0.795841
0.437927 0.424042 -0.792722
0.445552 0.410026 -0.795841
0.958953 0.263758 0.104121
0.958953 0.263758 0.104121
0.332296 -0.210514 0.919382
0.332296 -0.210514 0.919382
0.84727 0.509419 0.150416
0.84727 0.509419 0.150416
0.16516 0.112676 0.979809
0.16516 0.112676 0.979809
-0.125458 0.21445 0.968644
1.06973e-007 0.255271 0.966869
-0.125458 0.21445 0.968644
1.06973e-007 0.255271 0.966869
-0.00388025 0.166244 0.986077
0.33703 0.113742 0.934598
-0.00388025 0.166244 0.986077
0.520307 0.829351 0.203611
0.520307 0.829351 0.203611
-0.0219553 0.302928 0.95276
0.33703 0.113742 0.934598
-0.0219553 0.302928 0.95276
-0.42408 0.653863 0.626593
-0.42408 0.653863 0.626593
0.84727 0.509419 0.150416
0.84727 0.509419 0.150416
0.520307 0.829351 0.203611
0.520307 0.829351 0.203611
0.507099 0.736471 -0.447729
0.544638 0.641948 -0.539696
0.507099 0.736471 -0.447729
0.511674 0.539091 -0.669007
0.544638 0.641948 -0.539696
0.511674 0.539091 -0.669007
0.511674 0.539091 -0.669007
0.511674 0.539091 -0.669007
0.469483 0.480852 -0.740518
0.437927 0.424042 -0.792722
0.469483 0.480852 -0.740518
0.437927 0.424042 -0.792722
0.956533 0.190039 0.221201
0.956533 0.190039 0.221201
-0.221319 0.264175 0.938738
-0.465185 0.325494 0.823199
-0.221319 0.264175 0.938738
-0.00388025 0.166244 0.986077
-0.465185 0.325494 0.823199
-0.00388025 0.166244 0.986077
0.37319 -0.352278 0.858271
0.38744 -0.286605 0.876212
0.37319 -0.352278 0.858271
0.38744 -0.286605 0.876212
0.332296 -0.210514 0.919382
0.346193 -0.0825226 0.934527
0.332296 -0.210514 0.919382
0.355257 -0.280324 0.891746
0.346193 -0.0825226 0.934527
0.355257 -0.280324 0.891746
-0.322334 0.885508 -0.334629
-0.35314 0.859349 -0.369879
-0.322334 0.885508 -0.334629
-0.355315 0.86455 -0.355395
-0.35314 0.859349 -0.369879
-0.355315 0.86455 -0.355395
0.775525 0.62031 0.117375
0.783447 0.417779 0.460077
0.952104 0.259145 0.1623
0.775525 0.62031 0.117375
0.605108 0.145779 0.782683
0.783447 0.417779 0.460077
0.605108 0.145779 0.782683
0.941871 0.166156 0.292011
0.952104 0.259145 0.1623
0.941871 0.166156 0.292011
0.584991 0.386548 -0.712998
0.507882 0.361827 -0.781753
0.584991 0.386548 -0.712998
0.507882 0.361827 -0.781753
0.865422 0.125845 0.484982
0.858397 0.147842 0.49122
0.865422 0.125845 0.484982
0.941871 0.166156 0.292011
0.858397 0.147842 0.49122
0.941871 0.166156 0.292011
0.760874 0.359661 0.540106
0.981424 0.114702 0.153787
0.760874 0.359661 0.540106
0.981424 0.114702 0.153787
0.865422 0.125845 0.484982
0.865422 0.125845 0.484982
0.789831 0.323086 0.521327
0.826791 -0.0980712 0.553895
0.789831 0.323086 0.521327
0.838356 -0.299047 0.455774
0.826791 -0.0980712 0.553895
0.838356 -0.299047 0.455774
0.38744 -0.286605 0.876212
0.38744 -0.286605 0.876212
0.789831 0.323086 0.521327
0.789831 0.323086 0.521327
-0.584991 0.386548 -0.712998
-0.584991 0.386548 -0.712998
-0.865422 0.125845 0.484983
-0.892127 0.225585 0.391435
-0.865422 0.125845 0.484983
-0.892127 0.225585 0.391435
-5.39694e-007 0.999574 0.0291822
-5.39694e-007 0.999574 0.0291822
0.0735883 0.687399 0.722542
-0.520307 0.829351 0.203611
-0.694291 -0.249321 0.675129
-0.520307 0.829351 0.203611
-0.262967 0.197107 0.944456
0.0735883 0.687399 0.722542
-0.694291 -0.249321 0.675129
-0.262967 0.197107 0.944456
-0.956533 0.190039 0.221201
-0.311888 -0.547936 0.776204
-0.956533 0.190039 0.221201
-0.355257 -0.280324 0.891746
-0.311888 -0.547936 0.776204
-0.355257 -0.280324 0.891746
-0.340186 -0.145999 0.928955
-0.340186 -0.145999 0.928955
-0.449312 -0.480931 0.752877
-0.234577 -0.07211 0.969419
-0.184822 0.449603 0.873898
-0.449312 -0.480931 0.752877
-0.234577 -0.07211 0.969419
-0.958953 0.263758 0.104121
-0.184822 0.449603 0.873898
-0.958953 0.263758 0.104121
-0.956533 0.190039 0.221201
-0.310986 0.273397 0.910242
-0.956533 0.190039 0.221201
-0.958953 0.263758 0.104121
-0.489973 -0.435654 0.755071
-0.958953 0.263758 0.104121
-0.329596 -0.0779756 0.940897
-0.310986 0.273397 0.910242
-0.489973 -0.435654 0.755071
-0.329596 -0.0779756 0.940897
0.322334 0.885508 -0.334629
0.324989 0.915257 -0.238091
0.322334 0.885508 -0.334629
0.697034 0.710992 -0.0929253
0.324989 0.915257 -0.238091
0.697034 0.710992 -0.0929253
-0.16516 0.112676 0.979809
-0.324398 0.0454948 0.944826
-0.16516 0.112676 0.979809
0.221319 0.264174 0.938738
-0.324398 0.0454948 0.944826
0.221319 0.264174 0.938738
-0.520307 0.829351 0.203611
-0.520307 0.829351 0.203611
-0.941871 0.166156 0.292011
-0.941871 0.166156 0.292011
0.584991 0.386548 -0.712998
0.584991 0.386548 -0.712998
0.865422 0.125845 0.484982
0.892126 0.225587 0.391436
0.865422 0.125845 0.484982
0.892126 0.225587 0.391436
-5.39694e-007 0.999574 0.0291822
-5.39694e-007 0.999574 0.0291822
-0.0735868 0.687398 0.722544
0.262967 0.197108 0.944456
0.694291 -0.24932 0.67513
-0.0735868 0.687398 0.722544
0.262967 0.197108 0.944456
0.520307 0.829351 0.203611
0.694291 -0.24932 0.67513
0.520307 0.829351 0.203611
0.956533 0.190039 0.221201
0.311888 -0.547936 0.776204
0.956533 0.190039 0.221201
0.355257 -0.280324 0.891746
0.311888 -0.547936 0.776204
0.355257 -0.280324 0.891746
0.340186 -0.146 0.928955
0.340186 -0.146 0.928955
0.449311 -0.48093 0.752878
0.958953 0.263758 0.104121
0.184822 0.449603 0.873898
0.958953 0.263758 0.104121
0.234577 -0.07211 0.969419
0.449311 -0.48093 0.752878
0.184822 0.449603 0.873898
0.234577 -0.07211 0.969419
0.956533 0.190039 0.221201
0.310986 0.273397 0.910242
0.956533 0.190039 0.221201
0.329596 -0.0779758 0.940897
0.489972 -0.435655 0.755071
0.310986 0.273397 0.910242
0.329596 -0.0779758 0.940897
0.958953 0.263758 0.104121
0.489972 -0.435655 0.755071
0.958953 0.263758 0.104121
-0.697034 0.710992 -0.0929253
-0.324989 0.915257 -0.238091
-0.697034 0.710992 -0.0929253
-0.322334 0.885508 -0.334629
-0.324989 0.915257 -0.238091
-0.322334 0.885508 -0.334629
0.16516 0.112676 0.979809
0.324398 0.0454961 0.944826
0.16516 0.112676 0.979809
-0.221319 0.264175 0.938738
0.324398 0.0454961 0.944826
-0.221319 0.264175 0.938738
0.520307 0.829351 0.203611
0.520307 0.829351 0.203611
0.941871 0.166156 0.292011
0.941871 0.166156 0.292011
