-0.243177 0.765645 0.595528
0.244267 0.768467 0.591432
-0.72857 0.682971 0.0523103
0.703572 0.708878 0.0497818
-0.287443 -0.954873 -0.0747887
0.294461 -0.953738 -0.0606367
-0.680401 -0.657272 -0.324113
0.698936 -0.624496 -0.348559
-0.0605551 0.798326 0.599173
0.078937 0.814247 0.575127
0.0821354 -0.548575 0.832057
-0.0659821 -0.549118 0.833136
-0.516186 0.705256 0.485969
-0.954816 0.288596 -0.0709805
0.733555 0.679287 0.0216033
0.301673 0.823748 0.480034
-0.336618 -0.940957 -0.0358954
0.638668 -0.768169 -0.0449443
0.959093 -0.120886 -0.255982
-0.774561 -0.525268 -0.352347
-0.280539 0.835028 0.473314
0.0508559 0.858651 0.510032
0.293226 -0.679222 0.672812
-0.0510616 -0.785983 0.616137
-0.810517 0.348935 0.470433
-0.952395 -0.284311 0.110054
0.288587 0.941842 0.172193
-0.112502 0.858198 0.500839
-0.0965788 -0.995091 -0.0216166
0.98329 -0.138324 0.118355
0.912298 0.389029 -0.127943
-0.416362 -0.856631 -0.304675
-0.690508 0.0909019 0.71759
0.182407 0.621409 0.761957
0.636687 0.304261 0.708559
-0.403969 -0.727311 0.554822
-0.491843 0.753064 0.437019
-0.473804 0.633779 0.61142
0.549128 -0.830272 0.0954291
0.496315 -0.787083 -0.366294
-0.320317 0.446359 0.83556
0.224288 -0.377829 0.898298
-0.802702 -0.581876 0.130726
-0.749925 -0.659202 -0.0553709
-0.878445 0.430197 0.208004
-0.810337 0.411162 0.417493
0.0885106 -0.994218 -0.0607943
0.876464 -0.480757 0.0261553
0.809833 -0.403045 -0.426293
0.0464401 -0.948823 -0.312375
-0.531371 -0.138542 0.835734
-0.417036 0.189383 0.88894
-0.317484 0.117741 0.940926
-0.412984 -0.311558 0.85579
-0.108406 0.957894 0.26587
-0.0798223 0.977247 0.196509
0.662533 0.748946 -0.0113954
0.79079 0.599681 0.122612
-0.106824 0.44588 0.888695
-0.263844 0.449383 0.853488
-0.683441 -0.723455 0.0975766
-0.878746 0.284785 0.383018
-0.928285 0.352339 0.118932
-0.589854 -0.790548 -0.164639
0.215049 -0.973262 -0.0807123
0.126818 -0.954787 -0.268885
0.92597 -0.302228 -0.226357
0.934449 -0.34227 0.0982713
-0.531012 -0.320393 0.784458
-0.405925 -0.430781 0.80601
-0.36674 0.020675 0.930094
-0.466488 0.101764 0.878654
-0.261185 0.905499 0.334447
0.691712 0.682469 0.236156
0.554158 0.82938 -0.0709746
-0.160961 0.984574 0.0685904
-0.336306 0.452568 0.825882
-0.216987 0.410579 0.885631
-0.54933 0.811928 0.197509
0.0953182 0.958046 0.270301
0.0457446 0.998489 -0.0304415
-0.585432 0.793155 -0.167852
-0.7855 -0.617526 0.0406535
-0.78709 -0.535381 -0.306361
-0.175807 -0.937254 -0.301076
-0.185198 -0.978696 0.0886388
0.235417 0.216776 0.947411
0.141109 -0.173508 0.974671
-0.0607747 -0.148828 0.986994
0.000781685 0.237701 0.971338
0.616757 0.727642 0.300246
0.924762 -0.196787 0.325713
0.892288 -0.0644941 -0.446836
0.781264 0.603515 -0.159364
-0.960174 0.168591 -0.222806
-0.992303 0.107015 0.062305
-0.180081 0.253269 0.950487
-0.174775 -0.118709 0.977426
0.545361 -0.824957 0.148417
-0.272408 -0.239263 0.931959
-0.0795719 -0.271304 0.959199
0.171578 -0.331678 0.927659
0.63543 -0.685428 -0.355553
-0.6092 0.716789 0.339249
0.5842 0.734137 0.346055
0.622132 -0.747991 -0.231216
-0.597478 -0.766983 -0.234004
-0.885634 0.4343 0.164429
0.657703 0.728167 0.192869
0.93915 -0.276137 -0.204317
-0.714409 -0.655973 -0.243555
-0.503366 0.6711 0.544286
-0.970598 -0.0482637 0.235817
0.528067 -0.839853 -0.125664
-0.343537 -0.917496 -0.200458
0.173241 0.942369 0.286233
0.976103 0.211634 -0.0493274
-0.854078 0.447756 0.264699
-0.754243 -0.656038 -0.0270464
0.876586 -0.438818 -0.197576
0.0423005 -0.974487 -0.220422
-0.0837322 0.979041 0.185657
0.725782 0.687231 0.0308855
-0.93125 0.31384 0.185141
-0.592358 -0.799565 -0.0990387
0.937864 -0.343045 -0.0522552
0.170494 -0.962804 -0.209617
-0.218864 0.9659 0.138331
0.647916 0.75996 0.0516197
-0.591442 0.803745 -0.0647391
0.0861063 0.995594 0.0371346
-0.803128 -0.565607 -0.18728
-0.173788 -0.966265 -0.190078
0.698529 0.715559 0.0057794
0.988057 -0.118324 -0.098704
-0.983786 0.135736 -0.117224
0.591138 -0.792051 -0.152352
-0.208765 0.954498 0.212956
-0.116596 0.772107 0.624705
0.145686 -0.986325 0.0770644
0.181043 -0.899318 -0.398059
-0.128724 0.873339 0.469796
0.114559 -0.754184 0.646594
-0.16163 0.846509 0.507246
0.167001 -0.96648 -0.195007
0.221549 0.00360794 0.975143
-0.996734 0.0685772 0.0426417
-0.038217 -0.018274 0.999102
0.95014 -0.288034 -0.119459
0.896486 -0.147419 -0.417829
-0.989733 0.0784558 -0.119475
-0.971596 0.10867 -0.210217
-0.17831 0.0340349 0.983386
0.921407 -0.258615 0.290047
0.178175 -0.193728 0.96474
-0.0513902 -0.131258 0.990015
0.929055 -0.0312986 -0.368614
0.99449 0.0195581 -0.102989
-0.987076 0.142496 0.0733205
-0.976644 0.179758 -0.117702
-0.138921 -0.126752 0.982158
0.951758 -0.0841729 0.295081
-0.954703 0.194425 -0.225259
-0.515756 0.851653 -0.0931803
-0.526036 0.850432 0.00717484
0.0861054 0.990177 0.110162
0.0457451 0.998028 0.0429824
-0.185198 -0.982563 0.0165113
-0.727259 -0.686267 -0.0114791
-0.751443 -0.61578 -0.236956
-0.173788 -0.949693 -0.260539
-0.000675682 0.157612 0.987501
0.234649 0.138073 0.962224
0.17142 -0.305852 0.93652
-0.0558983 -0.236564 0.970007
0.890003 -0.0484907 -0.453369
0.929024 -0.000544899 -0.370019
0.994309 0.0368008 -0.099979
0.986632 -0.121667 -0.10842
-0.991363 0.109958 0.0714784
-0.984409 0.152794 0.0871361
-0.971814 0.213495 -0.0999858
-0.982986 0.150282 -0.105611
-0.484688 0.833558 0.265063
0.0953185 0.935603 0.339943
0.568482 0.743246 0.352724
-0.180766 0.176242 0.967606
-0.140417 -0.230765 0.962824
0.951254 -0.115429 0.285992
0.469485 -0.880327 0.067876
-0.273135 -0.327078 0.904664
-0.0841697 -0.365552 0.926977
0.159191 -0.442145 0.882704
0.223558 -0.0431019 0.973737
-0.995858 0.0765717 0.0490156
-0.0595266 -0.211576 0.975547
0.142081 -0.236789 0.961116
-0.0354246 -0.0710927 0.99684
0.936542 -0.317539 -0.14852
0.887972 -0.146021 -0.436101
-0.989167 0.0953407 -0.111622
-0.970687 0.134989 -0.19886
-0.733143 -0.579507 -0.35591
-0.173827 -0.178653 0.968436
-0.175795 -0.00918768 0.984384
0.914188 -0.307539 0.263969
0.923601 -0.226689 0.309149
0.647997 0.758684 0.0670706
0.73666 0.669114 -0.098071
0.51697 -0.827227 -0.220087
-0.175806 -0.912607 -0.369108
0.560898 -0.719002 -0.410402
-0.94795 0.242614 -0.206226
-0.959113 0.191444 -0.208452
-0.703572 0.708878 0.0497818
0.72857 0.682971 0.0523103
0.6092 0.716789 0.339249
-0.5842 0.734137 0.346055
-0.698936 -0.624496 -0.348559
-0.622132 -0.747991 -0.231216
0.597478 -0.766983 -0.234004
0.680401 -0.657272 -0.324113
-0.0821354 -0.548575 0.832057
-0.078937 0.814247 0.575127
0.0605551 0.798326 0.599173
0.0659821 -0.549118 0.833136
-0.244267 0.768467 0.591432
-0.294461 -0.953738 -0.0606367
0.243177 0.765645 0.595528
0.287443 -0.954873 -0.0747887
-0.733555 0.679287 0.021603
0.208765 0.954498 0.212956
0.16163 0.846509 0.507246
-0.657703 0.728168 0.192869
-0.959093 -0.120886 -0.255983
-0.93915 -0.276138 -0.204317
-0.167001 -0.96648 -0.195007
-0.181043 -0.899318 -0.398059
-0.293226 -0.679223 0.672811
-0.0508559 0.858651 0.510032
0.128724 0.873339 0.469796
-0.114559 -0.754184 0.646594
-0.301674 0.823748 0.480034
-0.638668 -0.768169 -0.0449442
0.714409 -0.655973 -0.243555
0.885634 0.4343 0.164429
0.954816 0.288596 -0.0709802
0.774561 -0.525268 -0.352347
0.116596 0.772107 0.624705
0.516186 0.705256 0.485969
0.280539 0.835028 0.473314
-0.145686 -0.986325 0.0770644
0.336618 -0.940957 -0.0358953
0.0510616 -0.785982 0.616136
0.473804 0.633779 0.61142
0.503366 0.6711 0.544286
0.970598 -0.0482639 0.235817
0.810517 0.348935 0.470432
0.416362 -0.856631 -0.304675
-0.496315 -0.787083 -0.366294
-0.528067 -0.839853 -0.125664
0.343538 -0.917496 -0.200458
0.403969 -0.727311 0.554822
-0.224288 -0.377828 0.898299
0.320317 0.446359 0.83556
0.690509 0.0908996 0.71759
-0.912298 0.389029 -0.127943
-0.288587 0.941842 0.172192
-0.173241 0.942369 0.286233
-0.976103 0.211634 -0.0493274
0.952395 -0.284311 0.110054
-0.636686 0.304262 0.708559
-0.98329 -0.138324 0.118355
0.112502 0.858198 0.500838
-0.182406 0.621409 0.761958
-0.549127 -0.830272 0.0954292
0.0965788 -0.995091 -0.0216166
0.491843 0.753064 0.437019
0.810337 0.411162 0.417493
0.854078 0.447756 0.264699
0.754243 -0.656038 -0.0270467
0.802702 -0.581876 0.130726
-0.0464401 -0.948823 -0.312375
-0.809833 -0.403046 -0.426292
-0.876586 -0.438818 -0.197577
-0.0423005 -0.974487 -0.220422
0.412984 -0.311557 0.85579
0.317484 0.117741 0.940926
0.417036 0.189383 0.88894
0.531371 -0.138542 0.835734
-0.662533 0.748946 -0.0113946
0.0798224 0.977247 0.196509
0.0837322 0.979041 0.185657
-0.725782 0.687231 0.0308852
0.749925 -0.659202 -0.055371
0.106824 0.44588 0.888695
-0.79079 0.599681 0.122613
0.108406 0.957894 0.26587
0.263844 0.449383 0.853488
-0.876463 -0.480757 0.0261562
-0.0885107 -0.994218 -0.0607943
0.878445 0.430197 0.208004
0.878746 0.284785 0.383018
0.93125 0.313841 0.185141
0.592358 -0.799565 -0.0990388
0.683441 -0.723455 0.0975767
-0.126818 -0.954787 -0.268885
-0.925969 -0.302229 -0.226358
-0.937864 -0.343045 -0.0522547
-0.170494 -0.962804 -0.209617
0.405925 -0.430781 0.80601
0.36674 0.0206753 0.930094
0.466488 0.101764 0.878654
0.531012 -0.320393 0.784458
-0.554158 0.82938 -0.0709746
0.160961 0.984574 0.0685904
0.218864 0.9659 0.138331
-0.647916 0.75996 0.05162
0.589854 -0.790548 -0.164639
0.216987 0.410579 0.885631
-0.691712 0.682469 0.236156
0.261185 0.905499 0.334447
0.336306 0.452568 0.825882
-0.934449 -0.34227 0.0982707
-0.21505 -0.973262 -0.0807121
0.928284 0.35234 0.118932
0.585432 0.793155 -0.167852
0.591442 0.803744 -0.0647392
-0.0861063 0.995594 0.0371346
-0.0457445 0.998489 -0.0304415
0.185198 -0.978696 0.0886388
0.785499 -0.617526 0.0406541
0.803128 -0.565607 -0.187281
0.173788 -0.966265 -0.190077
-0.000781689 0.237701 0.971338
-0.235417 0.216777 0.94741
-0.178175 -0.193728 0.96474
0.0513902 -0.131258 0.990015
-0.892288 -0.0644943 -0.446836
-0.929056 -0.0312987 -0.368613
-0.99449 0.0195574 -0.102989
-0.988057 -0.118324 -0.0987042
0.992303 0.107015 0.0623041
0.987076 0.142496 0.0733207
0.976644 0.179758 -0.117702
0.983786 0.135736 -0.117224
0.54933 0.811928 0.197509
-0.0953182 0.958046 0.270301
-0.616757 0.727642 0.300246
0.180082 0.253269 0.950487
0.138921 -0.126751 0.982158
-0.951758 -0.0841729 0.295081
-0.545361 -0.824957 0.148417
0.272408 -0.239264 0.931959
0.079572 -0.271304 0.959199
-0.171578 -0.331678 0.927659
-0.221549 0.00360795 0.975143
0.996734 0.0685774 0.0426414
0.0607747 -0.148828 0.986994
-0.141109 -0.173508 0.974671
0.038217 -0.0182739 0.999102
-0.95014 -0.288034 -0.119459
-0.896486 -0.14742 -0.417828
0.989732 0.0784565 -0.119475
0.971596 0.10867 -0.210217
0.78709 -0.53538 -0.306361
0.174775 -0.118709 0.977426
0.17831 0.0340351 0.983386
-0.921407 -0.258615 0.290047
-0.924762 -0.196787 0.325714
-0.698528 0.715559 0.00577954
-0.781264 0.603514 -0.159364
-0.591138 -0.792051 -0.152352
0.175807 -0.937254 -0.301076
-0.635429 -0.685428 -0.355553
0.954702 0.194425 -0.225259
0.960174 0.16859 -0.222807
0.515755 0.851654 -0.0931805
0.526036 0.850432 0.00717492
-0.0861054 0.990177 0.110162
-0.0457451 0.998028 0.0429826
0.185198 -0.982563 0.0165109
0.727259 -0.686267 -0.0114794
0.751443 -0.61578 -0.236955
0.173788 -0.949693 -0.260539
0.00067568 0.157612 0.987501
-0.234649 0.138073 0.962224
-0.17142 -0.305852 0.93652
0.0558983 -0.236564 0.970007
-0.890003 -0.0484895 -0.453369
-0.929024 -0.000544899 -0.370019
-0.994309 0.0368008 -0.099979
-0.986632 -0.121666 -0.108421
0.991363 0.109958 0.0714786
0.984409 0.152794 0.0871353
0.971814 0.213495 -0.0999856
0.982986 0.150282 -0.105611
0.484688 0.833558 0.265063
-0.0953185 0.935603 0.339943
-0.568482 0.743246 0.352724
0.180766 0.176242 0.967607
0.140417 -0.230765 0.962824
-0.951254 -0.115429 0.285991
-0.469486 -0.880327 0.0678762
0.273135 -0.327078 0.904664
0.0841697 -0.365552 0.926977
-0.159191 -0.442145 0.882704
-0.223559 -0.043102 0.973737
0.995859 0.0765714 0.049016
0.0595266 -0.211576 0.975547
-0.142081 -0.236789 0.961116
0.0354246 -0.0710926 0.99684
-0.936542 -0.31754 -0.14852
-0.887971 -0.146022 -0.436102
0.989167 0.0953408 -0.111622
0.970686 0.134991 -0.19886
0.733142 -0.579509 -0.35591
0.173826 -0.178653 0.968435
0.175795 -0.0091877 0.984384
-0.914188 -0.307541 0.263968
-0.923601 -0.226688 0.309149
-0.647997 0.758684 0.0670703
-0.736661 0.669114 -0.0980709
-0.51697 -0.827226 -0.220087
0.175806 -0.912607 -0.369108
-0.560899 -0.719002 -0.410402
0.94795 0.242613 -0.206226
0.959113 0.191443 -0.208452
0.0075041 0.964567 0.263732
-0.00818332 -0.937508 -0.347867
0.0114627 0.220681 0.975279
0.996329 0.0442903 0.0732563
-0.990165 -0.0225938 -0.138067
0.00705949 0.850497 0.525932
0.79513 0.112559 0.595901
-0.00306437 -0.987719 0.156208
-0.769177 -0.118459 0.62796
0.175478 0.951948 0.251003
0.491594 -0.794856 -0.355722
0.0535653 0.131847 0.989822
0.948732 0.315817 -0.0129468
-0.978057 -0.08732 -0.189157
-0.171471 0.888922 0.424753
0.912393 0.0920346 0.398835
0.201774 -0.95863 0.200789
-0.922025 -0.127863 0.365406
-0.64955 0.510279 0.563649
0.149085 -0.934167 -0.324201
-0.493562 -0.187506 0.849257
0.599213 0.799159 0.0478374
-0.783041 -0.609964 -0.121618
-0.592826 0.531068 0.605412
0.595935 0.633284 0.493774
0.849924 -0.468993 0.240157
-0.742674 -0.571341 0.34929
-0.218052 0.893431 0.392727
0.821956 -0.499919 -0.272891
0.232357 0.442161 0.866316
-0.304374 0.715443 0.628886
0.169355 -0.975275 0.141976
-0.963748 -0.0660474 0.258511
0.620074 -0.688582 -0.375983
-0.433708 -0.0031965 0.901048
0.258022 0.959133 0.116142
-0.406874 -0.896934 -0.173095
-0.745125 -0.0129688 0.666799
0.156229 0.828767 0.537344
0.698466 0.238289 0.674806
-0.506418 -0.7628 0.40209
-0.592145 0.763002 0.259213
0.964634 -0.0430051 -0.260063
-0.300342 0.303133 0.904381
-0.442468 0.557915 0.702106
0.227555 -0.814868 0.533112
-0.938283 -0.275746 0.208779
0.648499 -0.724912 -0.232277
-0.45435 -0.159365 0.876453
0.192262 0.981279 0.0112125
-0.227132 -0.947498 -0.225073
-0.770891 -0.199282 0.604991
-0.0351365 0.794763 0.605902
0.611838 0.309149 0.728067
-0.413942 -0.842167 0.345553
-0.68286 0.713527 0.156789
0.968847 0.217074 -0.119222
-0.352494 0.255576 0.900238
-0.52025 0.531182 0.668719
0.280002 -0.790348 0.544931
-0.147128 0.987357 -0.0589845
-0.465405 -0.880254 -0.0924713
0.194446 0.073929 0.978123
0.929976 -0.125748 -0.345444
-0.98877 0.146587 -0.0290947
0.0933227 0.660528 0.744979
0.544629 0.191679 0.816479
-0.115437 -0.752032 0.648939
-0.72272 -0.239323 0.648383
0.19099 0.042648 0.980665
0.934913 -0.0272971 -0.353826
-0.974636 -0.0699188 -0.212593
0.537103 -0.0040809 0.843507
-0.719061 -0.163953 0.67533
0.314511 0.949216 -0.0085377
0.179823 -0.943771 -0.277418
-0.247115 -0.264036 0.932319
0.0178953 0.652749 0.757362
-0.186398 -0.76069 0.621777
-0.284411 -0.125839 0.950408
0.00298739 0.775125 0.631801
-0.0120757 -0.994775 -0.101379
0.989286 0.0679 -0.12924
-0.995967 -0.0896942 0.00227638
0.0157599 0.787434 0.616197
-0.0270371 -0.998294 -0.051743
0.924172 0.37334 -0.0807653
-0.996342 -0.0832367 -0.0193415
-0.78124 0.445144 0.43762
0.21642 -0.976105 -0.0195388
0.625643 0.773039 0.104793
-0.827793 -0.55904 -0.0472575
-0.324177 0.755908 0.568782
0.82559 -0.560718 0.0632218
-0.989869 0.000716014 0.141982
0.576743 -0.810949 -0.0986396
0.324041 0.940502 0.102242
-0.394523 -0.908264 -0.139314
-0.527694 0.793655 0.30274
0.999725 0.0225277 0.00647506
-0.980131 -0.196891 0.0240223
0.672937 -0.737695 -0.0544165
0.22278 0.964194 0.143872
-0.233479 -0.958131 -0.16575
-0.658573 0.696466 0.284984
0.980362 0.149439 0.128678
-0.112786 0.989847 0.0864959
-0.453918 -0.844838 -0.283208
0.971207 -0.20322 0.124333
-0.961398 0.193445 -0.195684
0.849313 -0.525409 0.0511196
-0.995009 0.0907119 -0.0415617
0.295252 0.946804 0.128019
0.15322 -0.986623 -0.0556623
-0.534028 0.815106 0.224537
-0.150024 -0.918543 -0.365747
-0.0650777 0.0832197 0.994404
-0.090268 0.898307 0.429996
0.08485 -0.978607 0.187428
-0.268932 0.746368 0.608778
0.347506 -0.935599 -0.0623973
-0.712853 0.15759 0.683379
0.191972 -0.184343 0.963932
0.844997 -0.427353 -0.321481
-0.974399 0.115199 -0.193071
0.548121 -0.415797 0.725725
-0.215287 0.0764642 0.973553
0.982013 -0.110602 0.153027
-0.99224 -0.108883 -0.0600321
0.130926 -0.348009 0.928304
0.942752 0.23912 -0.232465
-0.942484 0.333623 -0.0204868
0.558374 -0.337614 0.757783
-0.535164 0.303733 0.788255
-0.208298 0.13519 0.968677
0.943828 0.313366 0.104831
-0.918759 0.343778 -0.194162
-0.127708 0.991663 0.017192
-0.444252 -0.881992 -0.157261
0.192573 -0.0269259 0.980913
0.926098 -0.124333 -0.356209
-0.986372 0.163838 -0.0150663
0.0966273 0.622837 0.776362
0.543887 0.136423 0.827995
-0.1188 -0.823456 0.554804
-0.717006 -0.318814 0.619887
0.192022 -0.0174646 0.981235
0.934271 -0.00744103 -0.356487
-0.971277 -0.079805 -0.224172
0.536035 -0.056432 0.842307
-0.720621 -0.218711 0.65793
0.294694 0.953446 0.0639995
0.152274 -0.926105 -0.34517
-0.248257 -0.343111 0.905893
0.0183526 0.612529 0.790235
-0.191394 -0.830739 0.522725
-0.283799 -0.18708 0.940457
-0.094399 0.982493 0.160612
-0.432548 -0.833228 -0.344433
0.967254 -0.230497 0.10626
-0.957615 0.226753 -0.177642
0.80064 -0.59912 -0.00548347
-0.994655 0.0975078 -0.0339525
0.278633 0.940065 0.196577
0.128216 -0.983044 -0.131092
-0.710167 0.122025 0.693378
0.189891 -0.260797 0.946534
0.799292 -0.477346 -0.365066
-0.974051 0.132826 -0.183253
0.531516 -0.522136 0.666982
-0.213049 0.0182505 0.976871
0.981517 -0.126175 0.143891
-0.988495 -0.13293 -0.0721657
0.127559 -0.435507 0.891102
0.929173 0.307391 -0.205299
-0.924333 0.381379 0.0126095
0.555969 -0.413736 0.720917
-0.528381 0.258834 0.80859
-0.212417 0.0438097 0.976197
0.925186 0.355202 0.133649
-0.894746 0.416903 -0.160065
-0.00750409 0.964567 0.263732
0.00818331 -0.937508 -0.347867
-0.0114627 0.220681 0.975279
-0.996329 0.0442903 0.073256
0.990165 -0.0225939 -0.138067
-0.00705949 0.850497 0.525932
-0.795131 0.112556 0.595901
0.00306429 -0.987719 0.156208
0.769177 -0.118459 0.62796
-0.175477 0.951948 0.251003
-0.491594 -0.794857 -0.355722
-0.0535653 0.131847 0.989822
-0.948732 0.315817 -0.0129463
0.978057 -0.0873203 -0.189156
0.171471 0.888922 0.424753
-0.912393 0.0920341 0.398835
-0.201775 -0.95863 0.200788
0.922025 -0.127863 0.365406
0.64955 0.510279 0.563649
-0.149085 -0.934167 -0.324201
0.493562 -0.187507 0.849257
-0.599213 0.799159 0.0478374
0.783041 -0.609964 -0.121618
0.592827 0.531068 0.605412
-0.595935 0.633284 0.493774
-0.849924 -0.468993 0.240157
0.742675 -0.571342 0.349289
0.218052 0.893431 0.392727
-0.821956 -0.499919 -0.272891
-0.232357 0.442162 0.866316
0.304374 0.715444 0.628885
-0.169355 -0.975275 0.141976
0.963748 -0.0660471 0.258511
-0.620074 -0.688582 -0.375983
0.433708 -0.00319608 0.901048
-0.258022 0.959133 0.116142
0.406874 -0.896934 -0.173095
0.745124 -0.0129687 0.6668
-0.156228 0.828766 0.537344
-0.698466 0.238289 0.674807
0.506418 -0.7628 0.40209
0.592145 0.763002 0.259213
-0.964634 -0.0430058 -0.260062
0.300342 0.303133 0.904381
0.442468 0.557915 0.702106
-0.227555 -0.814868 0.533112
0.938283 -0.275746 0.208779
-0.648498 -0.724912 -0.232277
0.45435 -0.159365 0.876453
-0.192262 0.98128 0.0112124
0.227132 -0.947499 -0.225073
0.770891 -0.199282 0.604991
0.0351365 0.794763 0.605902
-0.611839 0.30915 0.728065
0.413942 -0.842167 0.345553
0.682859 0.713527 0.156789
-0.968847 0.217075 -0.119222
0.352494 0.255576 0.900238
0.52025 0.531182 0.668719
-0.280002 -0.790348 0.544931
0.147128 0.987357 -0.0589845
0.465405 -0.880254 -0.0924713
-0.194447 0.0739295 0.978123
-0.929976 -0.125749 -0.345444
0.98877 0.146586 -0.0290951
-0.0933231 0.660527 0.744979
-0.54463 0.19168 0.816479
0.115437 -0.752032 0.648939
0.72272 -0.239324 0.648382
-0.19099 0.042648 0.980665
-0.934913 -0.0272962 -0.353825
0.974636 -0.0699184 -0.212593
-0.537103 -0.00408158 0.843506
0.71906 -0.163953 0.675331
-0.314511 0.949216 -0.00853758
-0.179823 -0.943771 -0.277418
0.247115 -0.264036 0.932319
-0.0178947 0.652749 0.757363
0.186398 -0.760689 0.621778
0.284411 -0.125839 0.950408
-0.00298728 0.775125 0.631801
0.0120758 -0.994775 -0.101379
-0.989286 0.0679 -0.12924
0.995967 -0.0896942 0.00227633
-0.0157599 0.787434 0.616197
0.0270371 -0.998294 -0.051743
-0.924172 0.37334 -0.0807657
0.996342 -0.0832363 -0.0193414
0.78124 0.445143 0.43762
-0.21642 -0.976105 -0.0195388
-0.625643 0.773039 0.104793
0.827792 -0.55904 -0.047257
0.324177 0.755907 0.568782
-0.82559 -0.560718 0.0632219
0.989869 0.000716043 0.141982
-0.576743 -0.810949 -0.0986395
-0.324041 0.940502 0.102242
0.394523 -0.908264 -0.139313
0.527694 0.793655 0.30274
-0.999725 0.0225278 0.00647505
0.980131 -0.19689 0.0240221
-0.672938 -0.737695 -0.0544162
-0.22278 0.964194 0.143872
0.233479 -0.958131 -0.16575
0.658573 0.696466 0.284984
-0.980362 0.149439 0.128678
0.112786 0.989847 0.0864958
0.453918 -0.844838 -0.283208
-0.971207 -0.20322 0.124333
0.961398 0.193445 -0.195684
-0.849312 -0.525409 0.0511204
0.99501 0.0907118 -0.0415619
-0.295252 0.946804 0.128019
-0.15322 -0.986623 -0.0556622
0.534028 0.815106 0.224537
0.150024 -0.918543 -0.365747
0.0650777 0.0832198 0.994404
0.090268 0.898307 0.429996
-0.08485 -0.978607 0.187428
0.268932 0.746368 0.608778
-0.347506 -0.935599 -0.0623969
0.712853 0.15759 0.683379
-0.191972 -0.184343 0.963932
-0.844997 -0.427353 -0.321481
0.974399 0.115198 -0.193071
-0.548122 -0.415797 0.725724
0.215287 0.076464 0.973553
-0.982013 -0.110602 0.153027
0.99224 -0.108883 -0.0600319
-0.130926 -0.348009 0.928304
-0.942752 0.23912 -0.232465
0.942484 0.333623 -0.0204873
-0.558374 -0.337614 0.757783
0.535163 0.303732 0.788256
0.208299 0.135191 0.968677
-0.943828 0.313366 0.104831
0.918759 0.343778 -0.194162
0.127708 0.991663 0.017192
0.444251 -0.881992 -0.157261
-0.192573 -0.026926 0.980913
-0.926097 -0.124332 -0.356209
0.986372 0.163838 -0.0150664
-0.0966272 0.622837 0.776362
-0.543887 0.136422 0.827995
0.1188 -0.823456 0.554804
0.717007 -0.318814 0.619886
-0.192022 -0.0174646 0.981235
-0.934271 -0.00744049 -0.356487
0.971277 -0.0798047 -0.224172
-0.536034 -0.0564321 0.842308
0.72062 -0.218712 0.65793
-0.294694 0.953446 0.0639995
-0.152274 -0.926105 -0.345169
0.248257 -0.343111 0.905893
-0.0183525 0.612529 0.790235
0.191392 -0.830739 0.522726
0.2838 -0.18708 0.940457
0.0943989 0.982493 0.160612
0.432548 -0.833228 -0.344433
-0.967254 -0.230496 0.106261
0.957615 0.226754 -0.177642
-0.800641 -0.59912 -0.00548334
0.994656 0.0975072 -0.0339523
-0.278632 0.940065 0.196577
-0.128216 -0.983044 -0.131092
0.710166 0.122025 0.693379
-0.189891 -0.260798 0.946534
-0.799292 -0.477346 -0.365066
0.974051 0.132826 -0.183253
-0.531516 -0.522136 0.666981
0.213049 0.0182506 0.976871
-0.981517 -0.126177 0.14389
0.988495 -0.132931 -0.0721657
-0.127559 -0.435507 0.891102
-0.929173 0.307391 -0.2053
0.924333 0.381378 0.0126092
-0.55597 -0.413735 0.720917
0.52838 0.258833 0.808591
0.212417 0.0438098 0.976196
-0.925187 0.355201 0.133649
0.894747 0.416903 -0.160066
0.0207615 0.983146 0.181639
-0.716355 0.688197 0.114985
0.000386073 0.863151 0.504946
0.690159 0.714705 0.113481
0.694715 -0.644603 -0.31915
-0.0162758 -0.979593 -0.200333
-0.674011 -0.677447 -0.294576
0.00527596 -0.923434 -0.38372
0.118874 0.220265 0.96817
0.00907416 0.812616 0.582729
-0.0928151 0.188893 0.977602
0.00662335 -0.552951 0.833188
0.995118 0.0575633 -0.0801618
0.395948 0.736599 0.548313
0.996241 0.0816594 0.0289226
0.471028 -0.872281 -0.131369
-0.991758 -0.0454923 -0.119774
-0.987111 0.0073398 -0.159867
0.0883435 0.84897 0.521004
0.007194 0.742021 0.670338
-0.0742469 0.845875 0.528189
0.110301 -0.979705 0.167366
-0.109201 -0.979667 0.168311
-0.00486709 -0.999321 0.0365263
-0.983241 -0.17486 -0.0515869
0.249365 0.953075 0.171652
-0.197892 0.934342 0.296384
0.105421 0.880713 0.461769
0.725009 0.6871 0.0474924
0.960252 -0.140999 -0.240905
0.455771 -0.863739 -0.215005
0.176471 -0.920325 -0.349084
0.529967 -0.750931 -0.394003
0.298873 0.102333 0.94879
-0.0831099 0.873212 0.480201
-0.00919081 0.124657 0.992157
0.173785 -0.72383 0.667734
0.931053 0.357041 -0.0752469
0.496674 0.77833 0.38408
0.981255 0.188813 -0.0385769
0.841688 -0.52064 -0.14316
-0.988824 -0.0657719 -0.133796
-0.94473 0.327286 -0.0191858
-0.965578 -0.121894 -0.229783
-0.767895 -0.546155 -0.33474
-0.131034 0.89295 0.430663
-0.164368 0.770337 0.616088
-0.298745 0.859238 0.415285
-0.169179 0.864707 0.472928
0.364481 -0.909438 0.200189
0.065223 0.899139 0.432776
0.139074 -0.966525 0.215609
0.225589 -0.972065 0.0648007
-0.993429 -0.113117 -0.0174137
-0.0619304 -0.984684 0.162977
-0.296481 0.00292248 0.955034
-0.490359 0.639598 0.591999
-0.721178 0.464512 0.513937
-0.913896 0.175938 0.36584
-0.611708 0.521459 0.59489
0.105955 -0.921799 -0.372907
0.505869 -0.808287 -0.30128
0.185826 -0.969808 -0.157926
-0.418771 -0.859245 -0.293817
-0.232684 -0.696385 0.678901
-0.135849 0.166124 0.976703
-0.584763 0.250538 0.771545
-0.613667 -0.350303 0.707602
0.578218 0.814633 0.0451247
0.273956 0.944528 0.181152
0.617228 0.786341 0.026406
0.927444 0.357894 -0.108444
-0.828475 -0.54782 -0.11629
-0.962327 -0.224262 0.153732
-0.732012 -0.661702 -0.162198
-0.680067 0.471429 0.561484
-0.454278 0.62392 0.63589
0.94182 -0.194076 0.274426
0.651031 0.75211 0.102417
-0.172452 0.77322 0.610239
0.398281 0.503619 0.766642
0.587207 0.116045 0.801075
0.54716 -0.810955 0.207286
0.850268 -0.50163 0.159411
-0.791584 -0.607709 -0.0639105
-0.0426845 -0.992092 0.11803
-0.285447 0.815858 0.502887
-0.123704 0.932718 0.338724
-0.50382 0.720013 0.477228
0.82956 -0.552053 -0.0840673
0.832835 -0.449682 -0.322756
0.00275998 0.584131 0.811655
-0.319067 0.727367 0.607564
0.197164 -0.978467 0.0610562
-0.844406 0.44345 0.300551
-0.979914 -0.03616 0.196117
-0.787444 -0.614862 0.0433237
-0.929931 -0.0650115 0.361942
0.673872 -0.599182 -0.432293
0.827396 -0.401797 -0.392397
0.584314 -0.779683 -0.225103
0.0249987 -0.961584 -0.27337
-0.389461 -0.133165 0.911365
-0.381749 0.165609 0.909308
-0.482622 0.032206 0.875237
-0.470869 -0.212994 0.856105
0.242879 0.963461 0.112927
-0.0830711 0.976374 0.199484
0.275046 0.957 0.0921971
0.675606 0.736962 0.0210457
-0.411652 -0.894763 -0.173036
-0.747866 -0.662442 -0.0432108
-0.402407 -0.898676 -0.174501
-0.7478 -0.366738 0.553443
-0.599494 0.290535 0.745786
0.520231 0.647779 0.556545
0.344428 0.929355 0.132921
-0.219447 0.743778 0.631377
-0.196675 0.441699 0.87534
-0.205242 0.321758 0.924309
0.493025 -0.338107 0.80163
0.993887 0.0599982 0.0926753
-0.415281 -0.90666 -0.0742199
-0.133731 -0.908678 0.395499
-0.551933 0.785429 0.280128
-0.636374 0.724938 0.263616
-0.870809 0.447782 0.202937
0.994772 0.0307755 -0.097376
0.931195 -0.159781 -0.327636
-0.340767 0.330629 0.880092
-0.507134 0.765498 0.396016
0.528118 -0.849149 -0.00616134
-0.921939 0.304645 0.239207
-0.960792 -0.257509 0.102804
-0.644584 -0.764442 0.0118337
-0.908386 -0.263318 0.324805
0.642126 -0.719143 -0.265533
0.929972 -0.322573 -0.176348
0.655421 -0.743386 -0.133418
0.130151 -0.958316 -0.254344
-0.40681 -0.265698 0.874019
-0.421272 0.0599086 0.904954
-0.511652 -0.128303 0.849559
-0.459041 -0.369926 0.807735
0.18892 0.981781 -0.0203864
-0.183767 0.979834 0.0784511
0.196286 0.979301 0.0494186
0.576297 0.816159 -0.0420182
-0.229517 -0.94931 -0.214785
-0.575385 -0.80478 -0.145814
-0.227687 -0.945791 -0.231598
-0.690682 -0.543781 0.476719
-0.669927 0.203168 0.714088
0.324749 0.683818 0.6534
0.176015 0.954027 0.242592
-0.330556 0.708997 0.622941
-0.281177 0.42374 0.861037
-0.285963 0.265752 0.920653
0.49959 -0.289828 0.816339
0.960497 0.194937 0.198608
-0.290139 -0.95126 -0.104514
-0.064386 -0.92464 0.37536
-0.696781 0.684479 0.214441
-0.626401 0.763216 0.158503
-0.933266 0.336639 0.125253
0.985985 0.164767 0.0261952
0.946363 0.282016 -0.157685
-0.399408 0.314552 0.861122
-0.597856 0.69908 0.392243
0.645552 -0.763604 0.0130757
-0.579881 0.801567 -0.145701
-0.121495 0.992591 -0.00169702
0.0648268 0.997814 -0.0128137
-0.177014 0.980459 -0.0858271
-0.435501 -0.897674 0.0672411
-0.803687 -0.58919 -0.0833216
-0.452772 -0.869052 -0.199362
-0.18069 -0.979973 -0.0836878
0.185683 0.219836 0.957703
0.223722 0.0732553 0.971896
0.177964 -0.184079 0.966666
-0.0144241 0.115941 0.993151
0.879648 -0.198828 -0.432072
0.951198 0.011509 -0.308366
0.987552 -0.11003 -0.112404
0.924743 -0.06449 -0.375089
-0.991823 0.107962 0.0680534
-0.986318 0.161726 -0.0319679
-0.9779 0.174335 -0.115412
-0.992446 0.118652 -0.0311844
-0.123977 0.618055 0.776298
0.0519929 0.615488 0.786429
-0.0604761 0.96662 0.248973
0.239143 0.557088 0.795276
-0.156718 0.126237 0.979543
0.584626 -0.160235 0.795322
0.90677 0.292721 0.303452
0.211613 -0.716406 0.664817
-0.292312 -0.231399 0.927905
-0.147844 -0.685193 0.713198
0.095987 -0.989095 0.111705
-0.448414 -0.670219 0.591381
0.209244 -0.193524 0.958522
-0.726491 0.075685 0.682995
-0.989616 -0.138778 0.0374375
0.130936 -0.173856 0.976027
0.187506 0.0962771 0.977534
0.224933 -0.0221938 0.974122
-0.0356706 0.0243272 0.999067
0.986883 -0.121747 -0.106021
0.910706 -0.210251 -0.35554
0.89915 0.0402321 -0.435786
-0.986044 -0.0911242 -0.139329
-0.977593 0.0961904 -0.187244
-0.970287 -0.0517003 -0.236369
-0.788423 -0.549199 -0.277073
-0.15341 0.109216 0.982109
0.55713 -0.129651 0.820242
0.935938 -0.0554426 0.347774
0.536975 -0.205555 0.818172
0.125016 -0.375892 0.918192
-0.673898 -0.026404 0.738352
-0.720639 -0.0172349 0.693097
0.303661 0.951097 0.0566043
0.744339 0.660875 -0.0959404
0.328921 0.944281 -0.0119737
0.154944 -0.972552 -0.173597
-0.173267 -0.946744 -0.271394
0.226228 -0.925619 -0.303399
0.608715 -0.73489 -0.299002
-0.240566 -0.0950318 0.965969
-0.0765551 -0.287093 0.954839
-0.219072 -0.11814 0.96853
-0.163819 -0.292561 0.94211
-0.182569 0.253343 0.949993
0.237659 0.928515 0.285267
0.138765 -0.314192 0.939163
-0.256105 0.0158092 0.96652
-0.0582539 -0.174439 0.982943
-0.229744 -0.127718 0.964835
-0.410498 0.734031 0.541008
-0.452013 -0.879218 -0.150531
0.983489 0.0837965 -0.160397
-0.12463 0.753449 0.645587
-0.0575273 0.777805 0.625867
0.153939 -0.987988 -0.0135008
0.0656412 -0.995183 0.0728086
-0.562143 -0.816049 -0.134386
-0.110487 -0.97143 -0.210039
0.915819 0.391841 -0.087951
-0.714503 0.577518 0.394917
-0.818477 0.396209 0.416068
0.54088 -0.84096 0.0153364
-0.231166 -0.968678 -0.0906915
0.0274252 0.912598 0.407937
0.997006 0.0396883 0.0663554
-0.990407 0.0427328 0.131409
0.885409 -0.459767 -0.0682995
0.0528187 -0.989167 -0.136959
-0.100004 0.975929 0.19381
0.749978 0.655347 0.0897445
-0.987016 -0.160399 0.00846333
0.938556 -0.343349 0.0349695
0.189031 -0.969474 -0.156165
-0.253292 0.935054 0.248027
0.669067 0.724688 0.164856
-0.584397 0.810818 0.0324642
0.0974234 0.988209 0.118115
-0.463979 -0.828968 -0.312305
0.995594 -0.0179316 0.092036
0.90908 -0.291917 0.297252
0.970372 -0.171097 0.170597
-0.961282 0.192456 -0.197225
-0.953771 0.199923 -0.224393
-0.967368 0.157543 -0.198441
0.949587 -0.298537 0.0957041
0.829769 -0.515205 0.214586
0.56919 -0.822195 -0.00427113
0.845759 -0.515825 -0.136445
-0.996476 0.0685545 -0.048332
-0.992922 0.106655 0.0522477
-0.988325 0.0914834 -0.121835
0.64969 0.749376 0.127821
-0.63051 0.764724 0.132872
-0.419728 0.789436 0.447905
-0.196437 -0.892004 -0.407113
0.0604357 -0.776673 0.626999
0.869004 -0.313897 -0.382494
-0.966134 0.140077 -0.21671
0.94617 0.123515 -0.299178
0.9441 0.32176 -0.0717383
-0.93481 0.338185 0.108452
-0.932556 0.342755 -0.113395
-0.911836 0.344882 -0.222738
-0.511885 0.856053 -0.0717448
-0.10369 0.991879 0.0736539
0.0648272 0.99606 0.0605135
-0.156198 0.987674 -0.0101512
-0.414307 -0.910137 0.000584379
-0.751795 -0.645779 -0.13332
-0.43247 -0.862498 -0.262806
-0.18069 -0.971179 -0.155442
0.185244 0.140015 0.972667
0.22061 -0.0251277 0.975038
0.173071 -0.295027 0.939684
-0.0178181 0.0192035 0.999657
0.869384 -0.208493 -0.447998
0.95108 0.0449358 -0.305659
0.985764 -0.115541 -0.122145
0.922896 -0.0507928 -0.381685
-0.990233 0.115182 0.0785543
-0.982767 0.184125 -0.01633
-0.974781 0.199981 -0.0990429
-0.991642 0.127312 -0.0209125
-0.102124 0.58846 0.802051
0.0542432 0.572504 0.818105
-0.0437302 0.946559 0.319552
0.223904 0.524633 0.821357
-0.158233 0.0333343 0.986839
0.585076 -0.24812 0.772089
0.89138 0.310892 0.329829
0.169313 -0.81337 0.556563
-0.292523 -0.316601 0.902327
-0.151712 -0.761727 0.629885
0.0720792 -0.996754 0.0358712
-0.417864 -0.770095 0.48202
0.207223 -0.272429 0.939596
-0.723282 0.0543899 0.688408
-0.984347 -0.174732 0.0230263
0.131858 -0.237394 0.962423
0.188688 0.039473 0.981243
0.228225 -0.0735575 0.970826
-0.0341258 -0.0382011 0.998687
0.985669 -0.122035 -0.116464
0.899804 -0.219524 -0.377045
0.898962 0.068836 -0.432585
-0.98267 -0.107374 -0.151097
-0.976949 0.119011 -0.177219
-0.96747 -0.0582432 -0.246189
-0.735303 -0.593654 -0.326962
-0.151702 0.0529543 0.987007
0.557114 -0.188524 0.808754
0.935957 -0.079811 0.34295
0.537379 -0.262281 0.801519
0.121333 -0.46525 0.876824
-0.677072 -0.0959919 0.72963
-0.719542 -0.0556649 0.692214
0.287063 0.949518 0.126531
0.696355 0.716939 -0.0329905
0.304541 0.950618 0.0598407
0.130751 -0.960329 -0.246319
-0.173266 -0.924251 -0.340204
0.193174 -0.908121 -0.371484
0.53323 -0.765757 -0.359559
-0.244805 -0.193951 0.949975
-0.0782856 -0.369755 0.925825
-0.217504 -0.177961 0.959699
-0.165159 -0.375362 0.912045
-0.183948 0.176505 0.966959
0.222874 0.909146 0.351826
0.127647 -0.418645 0.899134
-0.253582 -0.0298667 0.966853
-0.0586345 -0.248829 0.966771
-0.229499 -0.189758 0.954632
-0.521121 0.847326 0.102327
0.0974242 0.976864 0.19038
-0.441109 -0.816275 -0.372986
0.995617 -0.0226065 0.0907467
0.902416 -0.336706 0.268837
0.969073 -0.191196 0.156015
-0.955084 0.236666 -0.178334
-0.949566 0.236679 -0.20569
-0.966438 0.178162 -0.185086
0.937988 -0.340446 0.0653789
0.784772 -0.600329 0.154076
0.497471 -0.86386 -0.0791751
0.794415 -0.577385 -0.188496
-0.995888 0.080493 -0.0415738
-0.99224 0.108347 0.0610009
-0.988084 0.103288 -0.114112
0.600103 0.778234 0.185011
0.835839 -0.355053 -0.418701
-0.965553 0.160719 -0.204637
0.940991 0.183742 -0.284208
0.92313 0.382455 -0.0394864
-0.917288 0.371803 0.142635
-0.911678 0.403127 -0.0795695
-0.884977 0.426159 -0.187629
-0.690159 0.714705 0.113481
-0.000385793 0.863151 0.504946
0.716355 0.688197 0.114985
-0.0207615 0.983146 0.181639
-0.00527599 -0.923434 -0.38372
0.674011 -0.677447 -0.294575
0.0162758 -0.979593 -0.200333
-0.694715 -0.644603 -0.31915
-0.00662334 -0.552951 0.833188
0.0928151 0.188893 0.977602
-0.00907416 0.812616 0.582729
-0.118874 0.220265 0.968169
-0.471028 -0.872281 -0.13137
-0.996241 0.0816581 0.0289216
-0.395948 0.736599 0.548313
-0.995118 0.0575631 -0.0801617
0.987111 0.0073398 -0.159867
0.991758 -0.0454923 -0.119774
0.0742469 0.845875 0.528189
-0.00719398 0.742021 0.670338
-0.0883435 0.84897 0.521004
-0.110301 -0.979706 0.167365
0.00486705 -0.999321 0.0365263
0.109201 -0.979667 0.168311
0.983241 -0.17486 -0.051587
-0.725009 0.6871 0.0474923
-0.105421 0.880713 0.461769
0.197892 0.934342 0.296384
-0.249365 0.953076 0.171652
-0.529967 -0.750931 -0.394003
-0.176471 -0.920325 -0.349084
-0.455771 -0.863739 -0.215005
-0.960252 -0.141 -0.240905
-0.173785 -0.723831 0.667734
0.00919081 0.124657 0.992157
0.0831099 0.873212 0.480202
-0.298873 0.102332 0.94879
-0.841688 -0.52064 -0.143159
-0.981255 0.188815 -0.0385763
-0.496674 0.77833 0.38408
-0.931053 0.357041 -0.0752467
0.767895 -0.546155 -0.33474
0.965578 -0.121895 -0.229783
0.944731 0.327286 -0.0191856
0.988824 -0.0657719 -0.133796
0.169179 0.864707 0.472928
0.298745 0.859238 0.415285
0.164368 0.770337 0.616088
0.131034 0.89295 0.430663
-0.065223 0.899139 0.432776
-0.364481 -0.90944 0.200183
-0.225592 -0.972064 0.0648009
-0.139074 -0.966525 0.215609
0.296482 0.00292246 0.955034
0.0619304 -0.984684 0.162977
0.993429 -0.113116 -0.017413
0.611708 0.521459 0.594889
0.913897 0.175938 0.36584
0.721179 0.464511 0.513936
0.490359 0.639598 0.591999
0.418771 -0.859245 -0.293817
-0.185826 -0.969808 -0.157926
-0.505869 -0.808287 -0.30128
-0.105955 -0.921799 -0.372907
0.613668 -0.3503 0.707602
0.584763 0.250536 0.771546
0.135849 0.166124 0.976703
0.232684 -0.696385 0.678901
-0.927444 0.357894 -0.108443
-0.617228 0.786341 0.0264059
-0.273956 0.944528 0.181152
-0.578218 0.814633 0.0451248
0.732012 -0.661702 -0.162198
0.962327 -0.224262 0.153731
0.828474 -0.547821 -0.11629
0.454278 0.62392 0.635889
0.680067 0.471429 0.561483
-0.398281 0.503618 0.766642
0.172451 0.77322 0.610239
-0.651031 0.75211 0.102417
-0.94182 -0.194077 0.274425
-0.850268 -0.50163 0.159411
-0.54716 -0.810955 0.207286
-0.587205 0.116046 0.801076
0.0426844 -0.992092 0.11803
0.791584 -0.607709 -0.0639109
0.50382 0.720013 0.477228
0.123704 0.932718 0.338724
0.285448 0.815858 0.502887
-0.832835 -0.449682 -0.322756
-0.829561 -0.552052 -0.0840672
-0.00276 0.584131 0.811655
0.319067 0.727367 0.607564
-0.197164 -0.978467 0.0610562
0.929931 -0.0650111 0.361943
0.787444 -0.614862 0.0433239
0.979914 -0.0361596 0.196117
0.844406 0.44345 0.300551
-0.0249987 -0.961584 -0.273371
-0.584314 -0.779683 -0.225103
-0.827395 -0.401798 -0.392397
-0.673872 -0.599182 -0.432292
0.470869 -0.212994 0.856105
0.482621 0.032207 0.875237
0.38175 0.165609 0.909308
0.389462 -0.133165 0.911365
-0.675606 0.736962 0.0210459
-0.275046 0.957 0.0921973
0.0830711 0.976374 0.199484
-0.242878 0.963461 0.112927
0.402407 -0.898676 -0.174501
0.747866 -0.662442 -0.0432113
0.411652 -0.894763 -0.173036
0.599493 0.290535 0.745787
0.747799 -0.366737 0.553444
0.196675 0.441699 0.87534
0.219447 0.743778 0.631377
-0.344428 0.929355 0.132922
-0.520233 0.647779 0.556543
-0.993887 0.06 0.092677
-0.493024 -0.338106 0.801631
0.205242 0.321758 0.924309
0.133731 -0.908678 0.395499
0.415281 -0.90666 -0.0742199
0.870808 0.447783 0.202936
0.636374 0.724938 0.263616
0.551933 0.785429 0.280128
-0.931195 -0.159783 -0.327636
-0.994772 0.0307741 -0.0973763
0.340768 0.330628 0.880092
0.507134 0.765497 0.396017
-0.528117 -0.849149 -0.00616136
0.908386 -0.263318 0.324805
0.644584 -0.764442 0.0118339
0.960792 -0.257508 0.102805
0.921939 0.304646 0.239207
-0.130151 -0.958316 -0.254344
-0.655421 -0.743386 -0.133418
-0.929972 -0.322574 -0.176349
-0.642126 -0.719143 -0.265533
0.459041 -0.369926 0.807735
0.511652 -0.128303 0.849559
0.421271 0.0599091 0.904954
0.40681 -0.265698 0.874019
-0.576297 0.816159 -0.0420188
-0.196286 0.979301 0.0494188
0.183767 0.979834 0.0784512
-0.18892 0.981781 -0.0203868
0.227687 -0.945791 -0.231598
0.575385 -0.80478 -0.145815
0.229516 -0.94931 -0.214785
0.669927 0.203168 0.714087
0.690682 -0.543781 0.476719
0.281177 0.42374 0.861037
0.330556 0.708997 0.622942
-0.176015 0.954027 0.242591
-0.324749 0.683818 0.6534
-0.960497 0.194937 0.198608
-0.499592 -0.289828 0.816338
0.285964 0.265752 0.920652
0.064386 -0.92464 0.37536
0.290139 -0.95126 -0.104514
0.933266 0.33664 0.125254
0.626401 0.763216 0.158503
0.69678 0.68448 0.214441
-0.946363 0.282016 -0.157685
-0.985985 0.164767 0.026196
0.399407 0.314553 0.861122
0.597857 0.69908 0.392243
-0.645553 -0.763604 0.0130758
0.177014 0.980459 -0.085827
-0.0648267 0.997814 -0.0128137
0.121495 0.992591 -0.00169701
0.579881 0.801567 -0.145701
0.18069 -0.979973 -0.083688
0.452772 -0.869053 -0.199362
0.803686 -0.589191 -0.0833212
0.435501 -0.897673 0.0672411
0.0144239 0.115943 0.993151
-0.177964 -0.184079 0.966666
-0.223722 0.0732556 0.971896
-0.185684 0.219836 0.957702
-0.924743 -0.06449 -0.375089
-0.987552 -0.11003 -0.112404
-0.951198 0.0115091 -0.308366
-0.879649 -0.198829 -0.432071
0.992446 0.118652 -0.0311844
0.9779 0.174335 -0.115411
0.986318 0.161725 -0.0319682
0.991823 0.107962 0.0680525
0.060476 0.96662 0.248973
-0.0519926 0.615486 0.786431
0.123977 0.618055 0.776298
-0.906769 0.292722 0.303452
-0.584626 -0.160235 0.795322
0.156718 0.126236 0.979543
-0.239143 0.557087 0.795276
-0.095987 -0.989095 0.111705
0.147844 -0.685193 0.713199
0.292311 -0.2314 0.927905
-0.211614 -0.716407 0.664817
0.989616 -0.138779 0.0374378
0.726491 0.0756847 0.682995
-0.209244 -0.193524 0.958523
0.448414 -0.670219 0.591381
0.0356706 0.0243273 0.999067
-0.224933 -0.0221939 0.974121
-0.187506 0.0962771 0.977534
-0.130936 -0.173856 0.976028
-0.899151 0.040234 -0.435784
-0.910707 -0.21025 -0.355539
-0.986883 -0.121745 -0.106021
0.788423 -0.549199 -0.277073
0.970287 -0.0517003 -0.236369
0.977593 0.0961908 -0.187244
0.986045 -0.0911233 -0.13933
-0.536973 -0.205554 0.818173
-0.935937 -0.0554444 0.347775
-0.557131 -0.12965 0.820242
0.153411 0.109216 0.982108
0.720639 -0.0172353 0.693097
0.673897 -0.0264041 0.738353
-0.125016 -0.375892 0.918192
-0.328922 0.944281 -0.0119738
-0.74434 0.660874 -0.0959406
-0.303661 0.951097 0.0566046
-0.608715 -0.734891 -0.299002
-0.226228 -0.925619 -0.303399
0.173267 -0.946744 -0.271394
-0.154944 -0.972552 -0.173597
0.163819 -0.292562 0.94211
0.219072 -0.11814 0.96853
0.0765551 -0.287094 0.954838
0.240566 -0.0950314 0.96597
-0.237659 0.928515 0.285267
0.18257 0.253343 0.949992
-0.138765 -0.314192 0.939163
0.229743 -0.127719 0.964835
0.058254 -0.17444 0.982943
0.256105 0.0158095 0.96652
0.410498 0.734031 0.541008
0.452013 -0.879218 -0.150531
-0.983489 0.0837966 -0.160397
0.0575273 0.777805 0.625867
0.12463 0.753449 0.645587
0.110487 -0.97143 -0.210039
0.562143 -0.816048 -0.134386
-0.0656412 -0.995183 0.0728086
-0.153939 -0.987988 -0.0135008
-0.915819 0.391841 -0.0879518
0.714503 0.577518 0.394917
0.818477 0.39621 0.416068
0.231167 -0.968678 -0.0906913
-0.54088 -0.84096 0.0153365
-0.997006 0.0396883 0.0663554
-0.0274252 0.912598 0.407937
0.990407 0.0427333 0.131409
-0.0528187 -0.989167 -0.136959
-0.885409 -0.459768 -0.0683004
-0.749977 0.655347 0.0897454
0.100004 0.975929 0.19381
0.987016 -0.160399 0.00846236
-0.189032 -0.969474 -0.156165
-0.938556 -0.34335 0.0349703
-0.669067 0.724687 0.164856
0.253292 0.935054 0.248027
-0.0974234 0.988209 0.118115
0.584397 0.810818 0.0324638
0.46398 -0.828968 -0.312305
-0.970373 -0.171095 0.170596
-0.90908 -0.291917 0.297252
-0.995594 -0.0179315 0.092035
0.967368 0.157542 -0.198442
0.953771 0.199923 -0.224393
0.961282 0.192456 -0.197225
-0.845759 -0.515825 -0.136444
-0.56919 -0.822195 -0.00427046
-0.829769 -0.515205 0.214585
-0.949587 -0.298539 0.0957049
0.988325 0.091483 -0.121835
0.992922 0.106655 0.0522468
0.996476 0.0685553 -0.0483321
-0.64969 0.749376 0.127821
0.419728 0.789436 0.447905
0.63051 0.764724 0.132872
0.196437 -0.892004 -0.407113
-0.0604358 -0.776673 0.626999
-0.869003 -0.313898 -0.382495
0.966134 0.140078 -0.21671
-0.9441 0.32176 -0.0717383
-0.94617 0.123515 -0.299176
0.932556 0.342755 -0.113395
0.93481 0.338184 0.108452
0.911836 0.344881 -0.222739
0.156198 0.987674 -0.0101508
-0.0648273 0.99606 0.0605135
0.10369 0.991879 0.0736538
0.511884 0.856053 -0.0717452
0.18069 -0.971179 -0.155443
0.432469 -0.862498 -0.262806
0.751794 -0.645779 -0.133321
0.414306 -0.910138 0.000583552
0.0178181 0.0192036 0.999657
-0.173071 -0.295027 0.939683
-0.22061 -0.0251275 0.975039
-0.185244 0.140015 0.972667
-0.922896 -0.0507906 -0.381686
-0.985764 -0.115541 -0.122145
-0.95108 0.044936 -0.30566
-0.869384 -0.208493 -0.447998
0.991642 0.127312 -0.0209121
0.974781 0.199982 -0.0990429
0.982767 0.184125 -0.0163309
0.990234 0.115182 0.0785528
0.0437302 0.946559 0.319552
-0.0542433 0.572505 0.818105
0.102123 0.58846 0.802051
-0.891381 0.31089 0.329829
-0.585076 -0.248119 0.77209
0.158233 0.0333342 0.986839
-0.223904 0.524632 0.821357
-0.0720792 -0.996754 0.0358713
0.151712 -0.761725 0.629887
0.292525 -0.3166 0.902326
-0.169312 -0.81337 0.556563
0.984347 -0.174732 0.0230268
0.723282 0.0543899 0.688408
-0.207222 -0.272429 0.939596
0.417861 -0.770094 0.482023
0.0341258 -0.0382012 0.998687
-0.228225 -0.073557 0.970826
-0.188689 0.039473 0.981243
-0.131858 -0.237394 0.962423
-0.898961 0.0688363 -0.432586
-0.899803 -0.219526 -0.377045
-0.985669 -0.122037 -0.116465
0.735303 -0.593655 -0.326962
0.967471 -0.0582407 -0.246188
0.976949 0.119013 -0.177219
0.98267 -0.107375 -0.151096
-0.537379 -0.262282 0.801518
-0.935956 -0.0798123 0.342951
-0.557114 -0.188524 0.808754
0.151702 0.0529542 0.987007
0.719541 -0.0556664 0.692215
0.67707 -0.0959929 0.729632
-0.121333 -0.46525 0.876824
-0.304542 0.950617 0.0598412
-0.696355 0.716939 -0.0329912
-0.287063 0.949518 0.126531
-0.53323 -0.765756 -0.35956
-0.193174 -0.908121 -0.371484
0.173267 -0.924251 -0.340203
-0.130749 -0.960329 -0.246319
0.165159 -0.375362 0.912045
0.217503 -0.177961 0.959699
0.0782855 -0.369754 0.925826
0.244805 -0.193951 0.949976
-0.222873 0.909146 0.351826
0.183949 0.176504 0.966959
-0.127648 -0.418645 0.899134
0.229499 -0.189758 0.954632
0.0586349 -0.248832 0.96677
0.253582 -0.0298667 0.966853
-0.0974242 0.976864 0.19038
0.521122 0.847326 0.102326
0.441109 -0.816275 -0.372986
-0.969074 -0.191194 0.156015
-0.902417 -0.336705 0.268836
-0.995617 -0.0226067 0.0907477
0.966438 0.178162 -0.185085
0.949566 0.236681 -0.205687
0.955085 0.236664 -0.178334
-0.794416 -0.577384 -0.188496
-0.497472 -0.863859 -0.079175
-0.784772 -0.600328 0.154076
-0.937988 -0.340447 0.0653784
0.988084 0.103287 -0.114113
0.99224 0.108346 0.0610012
0.995888 0.080493 -0.0415732
-0.600103 0.778234 0.185011
-0.835839 -0.355053 -0.418701
0.965554 0.160717 -0.204637
-0.92313 0.382455 -0.0394864
-0.940991 0.183742 -0.284208
0.911679 0.403125 -0.0795689
0.917288 0.371803 0.142633
0.884977 0.426159 -0.187629
-0.6092 0.716789 0.339249
-0.716355 0.688197 0.114985
-0.6092 0.716789 0.339249
-0.72857 0.682971 0.0523103
-0.716355 0.688197 0.114985
-0.72857 0.682971 0.0523103
0.078937 0.814247 0.575127
0.00907416 0.812616 0.582729
0.078937 0.814247 0.575127
-0.0605551 0.798326 0.599173
0.00907416 0.812616 0.582729
-0.0605551 0.798326 0.599173
0.118874 0.220265 0.96817
0.078937 0.814247 0.575127
0.118874 0.220265 0.96817
0.078937 0.814247 0.575127
-0.0605551 0.798326 0.599173
-0.0742469 0.845875 0.528189
-0.0928151 0.188893 0.977602
-0.0605551 0.798326 0.599173
-0.243177 0.765645 0.595528
-0.0742469 0.845875 0.528189
-0.243177 0.765645 0.595528
-0.0928151 0.188893 0.977602
-0.128724 0.873339 0.469796
-0.128724 0.873339 0.469796
0.298873 0.102333 0.94879
0.0508559 0.858651 0.510032
0.298873 0.102333 0.94879
0.0508559 0.858651 0.510032
-0.280539 0.835028 0.473314
-0.298745 0.859238 0.415285
-0.280539 0.835028 0.473314
-0.516186 0.705256 0.485969
-0.298745 0.859238 0.415285
-0.516186 0.705256 0.485969
-0.970598 -0.0482637 0.235817
-0.970598 -0.0482637 0.235817
-0.690508 0.0909019 0.71759
-0.584763 0.250538 0.771545
-0.690508 0.0909019 0.71759
-0.320317 0.446359 0.83556
-0.584763 0.250538 0.771545
-0.320317 0.446359 0.83556
-0.690508 0.0909019 0.71759
-0.680067 0.471429 0.561484
-0.613667 -0.350303 0.707602
-0.690508 0.0909019 0.71759
-0.810517 0.348935 0.470433
-0.680067 0.471429 0.561484
-0.810517 0.348935 0.470433
-0.613667 -0.350303 0.707602
0.398281 0.503619 0.766642
0.182407 0.621409 0.761957
0.398281 0.503619 0.766642
0.182407 0.621409 0.761957
-0.320317 0.446359 0.83556
0.00275998 0.584131 0.811655
-0.320317 0.446359 0.83556
0.00275998 0.584131 0.811655
-0.754243 -0.656038 -0.0270464
-0.754243 -0.656038 -0.0270464
-0.531371 -0.138542 0.835734
-0.482622 0.032206 0.875237
-0.531371 -0.138542 0.835734
-0.417036 0.189383 0.88894
-0.482622 0.032206 0.875237
-0.417036 0.189383 0.88894
-0.531371 -0.138542 0.835734
-0.7478 -0.366738 0.553443
-0.470869 -0.212994 0.856105
-0.531371 -0.138542 0.835734
-0.802702 -0.581876 0.130726
-0.7478 -0.366738 0.553443
-0.802702 -0.581876 0.130726
-0.470869 -0.212994 0.856105
-0.196675 0.441699 0.87534
-0.263844 0.449383 0.853488
-0.196675 0.441699 0.87534
-0.263844 0.449383 0.853488
-0.417036 0.189383 0.88894
-0.340767 0.330629 0.880092
-0.417036 0.189383 0.88894
-0.340767 0.330629 0.880092
-0.592358 -0.799565 -0.0990387
-0.592358 -0.799565 -0.0990387
-0.531012 -0.320393 0.784458
-0.511652 -0.128303 0.849559
-0.531012 -0.320393 0.784458
-0.466488 0.101764 0.878654
-0.511652 -0.128303 0.849559
-0.466488 0.101764 0.878654
-0.531012 -0.320393 0.784458
-0.690682 -0.543781 0.476719
-0.459041 -0.369926 0.807735
-0.531012 -0.320393 0.784458
-0.683441 -0.723455 0.0975766
-0.690682 -0.543781 0.476719
-0.683441 -0.723455 0.0975766
-0.459041 -0.369926 0.807735
-0.281177 0.42374 0.861037
-0.336306 0.452568 0.825882
-0.281177 0.42374 0.861037
-0.336306 0.452568 0.825882
-0.466488 0.101764 0.878654
-0.399408 0.314552 0.861122
-0.466488 0.101764 0.878654
-0.399408 0.314552 0.861122
-0.185198 -0.978696 0.0886388
-0.185198 -0.978696 0.0886388
-0.7855 -0.617526 0.0406535
-0.7855 -0.617526 0.0406535
-0.803128 -0.565607 -0.18728
-0.803128 -0.565607 -0.18728
-0.987076 0.142496 0.0733205
-0.991823 0.107962 0.0680534
-0.987076 0.142496 0.0733205
-0.992303 0.107015 0.062305
-0.991823 0.107962 0.0680534
-0.992303 0.107015 0.062305
-0.7855 -0.617526 0.0406535
-0.435501 -0.897674 0.0672411
-0.7855 -0.617526 0.0406535
-0.185198 -0.978696 0.0886388
-0.435501 -0.897674 0.0672411
-0.185198 -0.978696 0.0886388
-0.243177 0.765645 0.595528
-0.410498 0.734031 0.541008
-0.243177 0.765645 0.595528
-0.6092 0.716789 0.339249
-0.410498 0.734031 0.541008
-0.6092 0.716789 0.339249
-0.516186 0.705256 0.485969
-0.516186 0.705256 0.485969
-0.952395 -0.284311 0.110054
-0.962327 -0.224262 0.153732
-0.952395 -0.284311 0.110054
-0.962327 -0.224262 0.153732
-0.810517 0.348935 0.470433
-0.913896 0.175938 0.36584
-0.810517 0.348935 0.470433
-0.970598 -0.0482637 0.235817
-0.913896 0.175938 0.36584
-0.970598 -0.0482637 0.235817
-0.749925 -0.659202 -0.0553709
-0.747866 -0.662442 -0.0432108
-0.749925 -0.659202 -0.0553709
-0.747866 -0.662442 -0.0432108
-0.802702 -0.581876 0.130726
-0.787444 -0.614862 0.0433237
-0.802702 -0.581876 0.130726
-0.754243 -0.656038 -0.0270464
-0.787444 -0.614862 0.0433237
-0.754243 -0.656038 -0.0270464
-0.589854 -0.790548 -0.164639
-0.575385 -0.80478 -0.145814
-0.589854 -0.790548 -0.164639
-0.575385 -0.80478 -0.145814
-0.683441 -0.723455 0.0975766
-0.644584 -0.764442 0.0118337
-0.683441 -0.723455 0.0975766
-0.592358 -0.799565 -0.0990387
-0.644584 -0.764442 0.0118337
-0.592358 -0.799565 -0.0990387
-0.54933 0.811928 0.197509
-0.0604761 0.96662 0.248973
-0.54933 0.811928 0.197509
0.0953182 0.958046 0.270301
-0.0604761 0.96662 0.248973
0.0953182 0.958046 0.270301
-0.788423 -0.549199 -0.277073
-0.78709 -0.535381 -0.306361
-0.788423 -0.549199 -0.277073
-0.78709 -0.535381 -0.306361
-0.996734 0.0685772 0.0426417
-0.996734 0.0685772 0.0426417
0.0953182 0.958046 0.270301
0.237659 0.928515 0.285267
0.0953182 0.958046 0.270301
0.237659 0.928515 0.285267
0.095987 -0.989095 0.111705
0.095987 -0.989095 0.111705
-0.954816 0.288596 -0.0709805
-0.94473 0.327286 -0.0191858
-0.954816 0.288596 -0.0709805
-0.885634 0.4343 0.164429
-0.94473 0.327286 -0.0191858
-0.885634 0.4343 0.164429
-0.169179 0.864707 0.472928
-0.280539 0.835028 0.473314
-0.296481 0.00292248 0.955034
-0.169179 0.864707 0.472928
-0.280539 0.835028 0.473314
-0.296481 0.00292248 0.955034
-0.128724 0.873339 0.469796
-0.0831099 0.873212 0.480201
-0.128724 0.873339 0.469796
0.0508559 0.858651 0.510032
-0.0831099 0.873212 0.480201
0.0508559 0.858651 0.510032
-0.885634 0.4343 0.164429
-0.714503 0.577518 0.394917
-0.885634 0.4343 0.164429
-0.714503 0.577518 0.394917
-0.992303 0.107015 0.062305
-0.992922 0.106655 0.0522477
-0.992303 0.107015 0.062305
-0.992922 0.106655 0.0522477
-0.803128 -0.565607 -0.18728
-0.803687 -0.58919 -0.0833216
-0.803128 -0.565607 -0.18728
-0.7855 -0.617526 0.0406535
-0.989616 -0.138778 0.0374375
-0.803687 -0.58919 -0.0833216
-0.7855 -0.617526 0.0406535
-0.996734 0.0685772 0.0426417
-0.989616 -0.138778 0.0374375
-0.996734 0.0685772 0.0426417
-0.54933 0.811928 0.197509
-0.54933 0.811928 0.197509
-0.93481 0.338185 0.108452
-0.987076 0.142496 0.0733205
-0.93481 0.338185 0.108452
-0.987076 0.142496 0.0733205
-0.185198 -0.982563 0.0165113
-0.185198 -0.982563 0.0165113
-0.727259 -0.686267 -0.0114791
-0.727259 -0.686267 -0.0114791
-0.751443 -0.61578 -0.236956
-0.751443 -0.61578 -0.236956
-0.984409 0.152794 0.0871361
-0.990233 0.115182 0.0785543
-0.984409 0.152794 0.0871361
-0.991363 0.109958 0.0714784
-0.990233 0.115182 0.0785543
-0.991363 0.109958 0.0714784
-0.727259 -0.686267 -0.0114791
-0.414307 -0.910137 0.000584379
-0.727259 -0.686267 -0.0114791
-0.185198 -0.982563 0.0165113
-0.414307 -0.910137 0.000584379
-0.185198 -0.982563 0.0165113
-0.484688 0.833558 0.265063
-0.0437302 0.946559 0.319552
-0.484688 0.833558 0.265063
0.0953185 0.935603 0.339943
-0.0437302 0.946559 0.319552
0.0953185 0.935603 0.339943
-0.735303 -0.593654 -0.326962
-0.733143 -0.579507 -0.35591
-0.735303 -0.593654 -0.326962
-0.733143 -0.579507 -0.35591
-0.995858 0.0765717 0.0490156
-0.995858 0.0765717 0.0490156
0.0953185 0.935603 0.339943
0.222874 0.909146 0.351826
0.0953185 0.935603 0.339943
0.222874 0.909146 0.351826
0.0720792 -0.996754 0.0358712
0.0720792 -0.996754 0.0358712
-0.991363 0.109958 0.0714784
-0.99224 0.108347 0.0610009
-0.991363 0.109958 0.0714784
-0.99224 0.108347 0.0610009
-0.751443 -0.61578 -0.236956
-0.751795 -0.645779 -0.13332
-0.751443 -0.61578 -0.236956
-0.727259 -0.686267 -0.0114791
-0.984347 -0.174732 0.0230263
-0.751795 -0.645779 -0.13332
-0.727259 -0.686267 -0.0114791
-0.995858 0.0765717 0.0490156
-0.984347 -0.174732 0.0230263
-0.995858 0.0765717 0.0490156
-0.484688 0.833558 0.265063
-0.484688 0.833558 0.265063
-0.917288 0.371803 0.142635
-0.984409 0.152794 0.0871361
-0.917288 0.371803 0.142635
-0.984409 0.152794 0.0871361
0.72857 0.682971 0.0523103
0.716355 0.688197 0.114985
0.72857 0.682971 0.0523103
0.6092 0.716789 0.339249
0.716355 0.688197 0.114985
0.6092 0.716789 0.339249
-0.078937 0.814247 0.575127
-0.00907416 0.812616 0.582729
-0.078937 0.814247 0.575127
0.0605551 0.798326 0.599173
-0.00907416 0.812616 0.582729
0.0605551 0.798326 0.599173
-0.118874 0.220265 0.968169
-0.078937 0.814247 0.575127
-0.118874 0.220265 0.968169
-0.078937 0.814247 0.575127
0.0605551 0.798326 0.599173
0.0928151 0.188893 0.977602
0.0742469 0.845875 0.528189
0.0605551 0.798326 0.599173
0.0928151 0.188893 0.977602
0.243177 0.765645 0.595528
0.0742469 0.845875 0.528189
0.243177 0.765645 0.595528
0.128724 0.873339 0.469796
0.128724 0.873339 0.469796
-0.298873 0.102332 0.94879
-0.0508559 0.858651 0.510032
-0.298873 0.102332 0.94879
-0.0508559 0.858651 0.510032
0.280539 0.835028 0.473314
0.298745 0.859238 0.415285
0.280539 0.835028 0.473314
0.516186 0.705256 0.485969
0.298745 0.859238 0.415285
0.516186 0.705256 0.485969
0.970598 -0.0482639 0.235817
0.970598 -0.0482639 0.235817
0.320317 0.446359 0.83556
0.584763 0.250536 0.771546
0.320317 0.446359 0.83556
0.690509 0.0908996 0.71759
0.584763 0.250536 0.771546
0.690509 0.0908996 0.71759
0.690509 0.0908996 0.71759
0.613668 -0.3503 0.707602
0.680067 0.471429 0.561483
0.690509 0.0908996 0.71759
0.613668 -0.3503 0.707602
0.810517 0.348935 0.470432
0.680067 0.471429 0.561483
0.810517 0.348935 0.470432
-0.182406 0.621409 0.761958
-0.398281 0.503618 0.766642
-0.182406 0.621409 0.761958
-0.398281 0.503618 0.766642
-0.00276 0.584131 0.811655
0.320317 0.446359 0.83556
-0.00276 0.584131 0.811655
0.320317 0.446359 0.83556
0.754243 -0.656038 -0.0270467
0.754243 -0.656038 -0.0270467
0.417036 0.189383 0.88894
0.482621 0.032207 0.875237
0.417036 0.189383 0.88894
0.531371 -0.138542 0.835734
0.482621 0.032207 0.875237
0.531371 -0.138542 0.835734
0.531371 -0.138542 0.835734
0.470869 -0.212994 0.856105
0.747799 -0.366737 0.553444
0.531371 -0.138542 0.835734
0.470869 -0.212994 0.856105
0.802702 -0.581876 0.130726
0.747799 -0.366737 0.553444
0.802702 -0.581876 0.130726
0.263844 0.449383 0.853488
0.196675 0.441699 0.87534
0.263844 0.449383 0.853488
0.196675 0.441699 0.87534
0.340768 0.330628 0.880092
0.417036 0.189383 0.88894
0.340768 0.330628 0.880092
0.417036 0.189383 0.88894
0.592358 -0.799565 -0.0990388
0.592358 -0.799565 -0.0990388
0.466488 0.101764 0.878654
0.511652 -0.128303 0.849559
0.466488 0.101764 0.878654
0.531012 -0.320393 0.784458
0.511652 -0.128303 0.849559
0.531012 -0.320393 0.784458
0.531012 -0.320393 0.784458
0.459041 -0.369926 0.807735
0.690682 -0.543781 0.476719
0.531012 -0.320393 0.784458
0.459041 -0.369926 0.807735
0.683441 -0.723455 0.0975767
0.690682 -0.543781 0.476719
0.683441 -0.723455 0.0975767
0.336306 0.452568 0.825882
0.281177 0.42374 0.861037
0.336306 0.452568 0.825882
0.281177 0.42374 0.861037
0.399407 0.314553 0.861122
0.466488 0.101764 0.878654
0.399407 0.314553 0.861122
0.466488 0.101764 0.878654
0.185198 -0.978696 0.0886388
0.185198 -0.978696 0.0886388
0.785499 -0.617526 0.0406541
0.785499 -0.617526 0.0406541
0.803128 -0.565607 -0.187281
0.803128 -0.565607 -0.187281
0.992303 0.107015 0.0623041
0.991823 0.107962 0.0680525
0.992303 0.107015 0.0623041
0.987076 0.142496 0.0733207
0.991823 0.107962 0.0680525
0.987076 0.142496 0.0733207
0.185198 -0.978696 0.0886388
0.435501 -0.897673 0.0672411
0.185198 -0.978696 0.0886388
0.785499 -0.617526 0.0406541
0.435501 -0.897673 0.0672411
0.785499 -0.617526 0.0406541
0.6092 0.716789 0.339249
0.410498 0.734031 0.541008
0.6092 0.716789 0.339249
0.243177 0.765645 0.595528
0.410498 0.734031 0.541008
0.243177 0.765645 0.595528
0.516186 0.705256 0.485969
0.516186 0.705256 0.485969
0.962327 -0.224262 0.153731
0.952395 -0.284311 0.110054
0.962327 -0.224262 0.153731
0.952395 -0.284311 0.110054
0.970598 -0.0482639 0.235817
0.913897 0.175938 0.36584
0.970598 -0.0482639 0.235817
0.810517 0.348935 0.470432
0.913897 0.175938 0.36584
0.810517 0.348935 0.470432
0.747866 -0.662442 -0.0432113
0.749925 -0.659202 -0.055371
0.747866 -0.662442 -0.0432113
0.749925 -0.659202 -0.055371
0.754243 -0.656038 -0.0270467
0.787444 -0.614862 0.0433239
0.754243 -0.656038 -0.0270467
0.802702 -0.581876 0.130726
0.787444 -0.614862 0.0433239
0.802702 -0.581876 0.130726
0.575385 -0.80478 -0.145815
0.589854 -0.790548 -0.164639
0.575385 -0.80478 -0.145815
0.589854 -0.790548 -0.164639
0.592358 -0.799565 -0.0990388
0.644584 -0.764442 0.0118339
0.592358 -0.799565 -0.0990388
0.683441 -0.723455 0.0975767
0.644584 -0.764442 0.0118339
0.683441 -0.723455 0.0975767
-0.0953182 0.958046 0.270301
0.060476 0.96662 0.248973
-0.0953182 0.958046 0.270301
0.54933 0.811928 0.197509
0.060476 0.96662 0.248973
0.54933 0.811928 0.197509
0.788423 -0.549199 -0.277073
0.78709 -0.53538 -0.306361
0.788423 -0.549199 -0.277073
0.78709 -0.53538 -0.306361
0.996734 0.0685774 0.0426414
0.996734 0.0685774 0.0426414
-0.237659 0.928515 0.285267
-0.0953182 0.958046 0.270301
-0.237659 0.928515 0.285267
-0.0953182 0.958046 0.270301
-0.095987 -0.989095 0.111705
-0.095987 -0.989095 0.111705
0.885634 0.4343 0.164429
0.944731 0.327286 -0.0191856
0.885634 0.4343 0.164429
0.954816 0.288596 -0.0709802
0.944731 0.327286 -0.0191856
0.954816 0.288596 -0.0709802
0.169179 0.864707 0.472928
0.296482 0.00292246 0.955034
0.280539 0.835028 0.473314
0.169179 0.864707 0.472928
0.296482 0.00292246 0.955034
0.280539 0.835028 0.473314
0.128724 0.873339 0.469796
0.0831099 0.873212 0.480202
0.128724 0.873339 0.469796
-0.0508559 0.858651 0.510032
0.0831099 0.873212 0.480202
-0.0508559 0.858651 0.510032
0.714503 0.577518 0.394917
0.885634 0.4343 0.164429
0.714503 0.577518 0.394917
0.885634 0.4343 0.164429
0.992922 0.106655 0.0522468
0.992303 0.107015 0.0623041
0.992922 0.106655 0.0522468
0.992303 0.107015 0.0623041
0.996734 0.0685774 0.0426414
0.989616 -0.138779 0.0374378
0.996734 0.0685774 0.0426414
0.785499 -0.617526 0.0406541
0.803686 -0.589191 -0.0833212
0.989616 -0.138779 0.0374378
0.785499 -0.617526 0.0406541
0.803128 -0.565607 -0.187281
0.803686 -0.589191 -0.0833212
0.803128 -0.565607 -0.187281
0.54933 0.811928 0.197509
0.54933 0.811928 0.197509
0.987076 0.142496 0.0733207
0.93481 0.338184 0.108452
0.987076 0.142496 0.0733207
0.93481 0.338184 0.108452
0.185198 -0.982563 0.0165109
0.185198 -0.982563 0.0165109
0.727259 -0.686267 -0.0114794
0.727259 -0.686267 -0.0114794
0.751443 -0.61578 -0.236955
0.751443 -0.61578 -0.236955
0.991363 0.109958 0.0714786
0.990234 0.115182 0.0785528
0.991363 0.109958 0.0714786
0.984409 0.152794 0.0871353
0.990234 0.115182 0.0785528
0.984409 0.152794 0.0871353
0.185198 -0.982563 0.0165109
0.414306 -0.910138 0.000583552
0.185198 -0.982563 0.0165109
0.727259 -0.686267 -0.0114794
0.414306 -0.910138 0.000583552
0.727259 -0.686267 -0.0114794
-0.0953185 0.935603 0.339943
0.0437302 0.946559 0.319552
-0.0953185 0.935603 0.339943
0.484688 0.833558 0.265063
0.0437302 0.946559 0.319552
0.484688 0.833558 0.265063
0.735303 -0.593655 -0.326962
0.733142 -0.579509 -0.35591
0.735303 -0.593655 -0.326962
0.733142 -0.579509 -0.35591
0.995859 0.0765714 0.049016
0.995859 0.0765714 0.049016
-0.222873 0.909146 0.351826
-0.0953185 0.935603 0.339943
-0.222873 0.909146 0.351826
-0.0953185 0.935603 0.339943
-0.0720792 -0.996754 0.0358713
-0.0720792 -0.996754 0.0358713
0.99224 0.108346 0.0610012
0.991363 0.109958 0.0714786
0.99224 0.108346 0.0610012
0.991363 0.109958 0.0714786
0.995859 0.0765714 0.049016
0.984347 -0.174732 0.0230268
0.995859 0.0765714 0.049016
0.727259 -0.686267 -0.0114794
0.751794 -0.645779 -0.133321
0.984347 -0.174732 0.0230268
0.727259 -0.686267 -0.0114794
0.751443 -0.61578 -0.236955
0.751794 -0.645779 -0.133321
0.751443 -0.61578 -0.236955
0.484688 0.833558 0.265063
0.484688 0.833558 0.265063
0.984409 0.152794 0.0871353
0.917288 0.371803 0.142633
0.984409 0.152794 0.0871353
0.917288 0.371803 0.142633
